213,2013,309,1700,277.73,-7.4695,264.74,.137,.03,.092,278,-7.42,265,277.4,-7.54,264.4,39.35,38.271,-.09153,-.06407,1.6627,39.28,38.271,-.08892,-.06408,1.6627,39.338,38.265,-.09154,-.0644,1.6628,13.44,8.94
213,2013,309,1701,277.79,-7.4087,264.77,.13,.113,.095,278,-7.19,265,277.5,-7.54,264.6,39.223,38.271,-.08631,-.06473,1.6627,39.115,38.262,-.08304,-.06309,1.6704,39.271,38.262,-.08925,-.06179,1.6627,13.44,8.86
213,2013,309,1702,277.78,-7.1912,264.79,.105,.031,.079,278,-7.16,265,277.6,-7.27,264.6,39.178,38.25,-.08565,-.06179,1.6628,39.247,38.25,-.08892,-.06179,1.6706,39.342,38.247,-.09285,-.06244,1.6653,13.44,8.79
213,2013,309,1703,277.7,-7.3455,264.83,.375,.046,.105,278.4,-7.23,265.2,277.1,-7.46,264.6,39.066,38.242,-.08108,-.0631,1.6654,38.963,38.231,-.08042,-.0631,1.6628,38.94,38.231,-.08075,-.06408,1.6707,13.44,8.72
213,2013,309,1704,277.16,-7.6355,264.73,.158,.096,.102,277.4,-7.46,265,276.7,-7.77,264.4,39.141,38.225,-.08827,-.06506,1.6628,39.195,38.233,-.08958,-.06604,1.6653,39.368,38.233,-.09677,-.06669,1.6495,13.45,8.65
213,2013,309,1705,276.72,-7.8938,264.55,.222,.057,.104,277,-7.8,264.8,276.2,-7.96,264.2,39.461,38.233,-.1007,-.06735,1.6548,39.334,38.239,-.09612,-.068,1.6472,39.394,38.247,-.10004,-.06833,1.6547,13.45,8.58
213,2013,309,1706,276.42,-7.9808,264.51,.103,.024,.086,276.7,-7.96,264.8,276.2,-8.03,264.4,39.382,38.252,-.09874,-.06833,1.6496,39.347,38.258,-.0971,-.06898,1.6547,39.255,38.258,-.0935,-.06833,1.6546,13.45,8.51
213,2013,309,1707,276.5,-7.7588,264.54,.12,.11,.09,276.7,-7.57,264.8,276.3,-7.96,264.4,39.326,38.26,-.09579,-.06702,1.6494,39.211,38.265,-.09154,-.06637,1.6545,39.228,38.271,-.09154,-.06506,1.6546,13.45,8.43
213,2013,309,1708,276.36,-7.5153,264.47,.096,.04,.1,276.6,-7.46,264.8,276.2,-7.61,264.2,39.303,38.282,-.09416,-.06441,1.6546,39.548,38.289,-.10331,-.06441,1.6469,39.641,38.306,-.10593,-.06539,1.6472,13.45,8.36
213,2013,309,1709,276.33,-7.7647,264.34,.195,.076,.095,276.6,-7.57,264.6,275.8,-7.88,264.2,39.618,38.317,-.10397,-.06637,1.6387,39.502,38.328,-.09939,-.06702,1.6472,39.468,38.335,-.10005,-.06702,1.6471,13.45,8.3
213,2013,309,1710,276.11,-7.6861,264.39,.09,.117,.095,276.3,-7.42,264.6,275.9,-7.84,264.2,39.398,38.34,-.09612,-.0667,1.6471,39.294,38.346,-.0922,-.06572,1.6471,39.087,38.34,-.08533,-.06376,1.6546,13.46,8.23
213,2013,309,1711,276.01,-7.2065,264.5,.077,.078,.091,276.2,-7.12,264.6,275.8,-7.42,264.2,39.047,38.335,-.08435,-.06179,1.6548,39.01,38.337,-.08305,-.06147,1.6472,39.079,38.332,-.08501,-.06147,1.6549,13.46,8.16
213,2013,309,1712,276.22,-7.0594,264.58,.075,.076,.109,276.4,-6.928,264.8,276,-7.19,264.4,39.079,38.332,-.08435,-.06114,1.6546,39.044,38.337,-.08337,-.06049,1.6548,38.978,38.334,-.08109,-.05951,1.6624,13.46,8.1
213,2013,309,1713,276.05,-6.9688,264.61,.086,.025,.121,276.3,-6.928,264.8,275.8,-7.04,264.2,38.978,38.345,-.08109,-.05983,1.6548,38.949,38.356,-.07945,-.05983,1.6495,39.081,38.368,-.08272,-.06049,1.6628,13.46,8.03
213,2013,309,1714,276.38,-7.0215,264.66,.09,.06,.112,276.6,-6.89,264.8,276.2,-7.12,264.4,38.968,38.381,-.07782,-.06082,1.6575,38.98,38.386,-.07815,-.06016,1.6546,38.945,38.392,-.07586,-.05918,1.6495,13.47,7.98
213,2013,309,1715,276.42,-6.6847,264.65,.139,.145,.092,276.7,-6.434,264.8,276.2,-6.89,264.6,38.917,38.397,-.07488,-.05853,1.6654,38.964,38.404,-.07651,-.05689,1.6573,39.027,38.416,-.07717,-.05526,1.6654,13.47,7.96
213,2013,309,1716,276.59,-6.4602,264.66,.083,.077,.099,276.8,-6.357,264.8,276.4,-6.624,264.4,39.021,38.427,-.07684,-.05493,1.6573,38.981,38.438,-.07488,-.05591,1.6548,38.994,38.439,-.07553,-.05689,1.6572,13.47,7.96
213,2013,309,1717,276.55,-6.6906,264.66,.096,.037,.101,276.8,-6.624,264.8,276.4,-6.738,264.4,39.051,38.45,-.07717,-.05788,1.6547,39.028,38.45,-.07553,-.05722,1.6547,39.143,38.456,-.07913,-.05689,1.6576,13.47,7.99
213,2013,309,1718,276.97,-6.4851,264.68,.21,.062,.1,277.3,-6.396,264.8,276.6,-6.662,264.4,39.223,38.467,-.08044,-.05591,1.6575,39.253,38.462,-.08142,-.05526,1.6625,39.519,38.462,-.09254,-.05591,1.6547,13.47,8.06
213,2013,309,1719,276.86,-6.8024,264.6,.136,.171,.095,277.1,-6.51,264.8,276.6,-7.04,264.4,39.589,38.462,-.09384,-.05755,1.6651,39.386,38.468,-.08698,-.05951,1.6625,39.259,38.463,-.08338,-.06049,1.6495,13.47,8.15
213,2013,309,1705,276.72,-7.8938,264.55,.222,.057,.104,277,-7.8,264.8,276.2,-7.96,264.2,39.461,38.233,-.1007,-.06735,1.6548,39.334,38.239,-.09612,-.068,1.6472,39.394,38.247,-.10004,-.06833,1.6547,13.45,8.58
213,2013,309,1706,276.42,-7.9808,264.51,.103,.024,.086,276.7,-7.96,264.8,276.2,-8.03,264.4,39.382,38.252,-.09874,-.06833,1.6496,39.347,38.258,-.0971,-.06898,1.6547,39.255,38.258,-.0935,-.06833,1.6546,13.45,8.51
213,2013,309,1707,276.5,-7.7588,264.54,.12,.11,.09,276.7,-7.57,264.8,276.3,-7.96,264.4,39.326,38.26,-.09579,-.06702,1.6494,39.211,38.265,-.09154,-.06637,1.6545,39.228,38.271,-.09154,-.06506,1.6546,13.45,8.43
213,2013,309,1708,276.36,-7.5153,264.47,.096,.04,.1,276.6,-7.46,264.8,276.2,-7.61,264.2,39.303,38.282,-.09416,-.06441,1.6546,39.548,38.289,-.10331,-.06441,1.6469,39.641,38.306,-.10593,-.06539,1.6472,13.45,8.36
213,2013,309,1709,276.33,-7.7647,264.34,.195,.076,.095,276.6,-7.57,264.6,275.8,-7.88,264.2,39.618,38.317,-.10397,-.06637,1.6387,39.502,38.328,-.09939,-.06702,1.6472,39.468,38.335,-.10005,-.06702,1.6471,13.45,8.3
213,2013,309,1710,276.11,-7.6861,264.39,.09,.117,.095,276.3,-7.42,264.6,275.9,-7.84,264.2,39.398,38.34,-.09612,-.0667,1.6471,39.294,38.346,-.0922,-.06572,1.6471,39.087,38.34,-.08533,-.06376,1.6546,13.46,8.23
213,2013,309,1711,276.01,-7.2065,264.5,.077,.078,.091,276.2,-7.12,264.6,275.8,-7.42,264.2,39.047,38.335,-.08435,-.06179,1.6548,39.01,38.337,-.08305,-.06147,1.6472,39.079,38.332,-.08501,-.06147,1.6549,13.46,8.16
213,2013,309,1712,276.22,-7.0594,264.58,.075,.076,.109,276.4,-6.928,264.8,276,-7.19,264.4,39.079,38.332,-.08435,-.06114,1.6546,39.044,38.337,-.08337,-.06049,1.6548,38.978,38.334,-.08109,-.05951,1.6624,13.46,8.1
213,2013,309,1713,276.05,-6.9688,264.61,.086,.025,.121,276.3,-6.928,264.8,275.8,-7.04,264.2,38.978,38.345,-.08109,-.05983,1.6548,38.949,38.356,-.07945,-.05983,1.6495,39.081,38.368,-.08272,-.06049,1.6628,13.46,8.03
213,2013,309,1714,276.38,-7.0215,264.66,.09,.06,.112,276.6,-6.89,264.8,276.2,-7.12,264.4,38.968,38.381,-.07782,-.06082,1.6575,38.98,38.386,-.07815,-.06016,1.6546,38.945,38.392,-.07586,-.05918,1.6495,13.47,7.98
213,2013,309,1715,276.42,-6.6847,264.65,.139,.145,.092,276.7,-6.434,264.8,276.2,-6.89,264.6,38.917,38.397,-.07488,-.05853,1.6654,38.964,38.404,-.07651,-.05689,1.6573,39.027,38.416,-.07717,-.05526,1.6654,13.47,7.96
213,2013,309,1716,276.59,-6.4602,264.66,.083,.077,.099,276.8,-6.357,264.8,276.4,-6.624,264.4,39.021,38.427,-.07684,-.05493,1.6573,38.981,38.438,-.07488,-.05591,1.6548,38.994,38.439,-.07553,-.05689,1.6572,13.47,7.96
213,2013,309,1717,276.55,-6.6906,264.66,.096,.037,.101,276.8,-6.624,264.8,276.4,-6.738,264.4,39.051,38.45,-.07717,-.05788,1.6547,39.028,38.45,-.07553,-.05722,1.6547,39.143,38.456,-.07913,-.05689,1.6576,13.47,7.99
213,2013,309,1718,276.97,-6.4851,264.68,.21,.062,.1,277.3,-6.396,264.8,276.6,-6.662,264.4,39.223,38.467,-.08044,-.05591,1.6575,39.253,38.462,-.08142,-.05526,1.6625,39.519,38.462,-.09254,-.05591,1.6547,13.47,8.06
213,2013,309,1719,276.86,-6.8024,264.6,.136,.171,.095,277.1,-6.51,264.8,276.6,-7.04,264.4,39.589,38.462,-.09384,-.05755,1.6651,39.386,38.468,-.08698,-.05951,1.6625,39.259,38.463,-.08338,-.06049,1.6495,13.47,8.15
213,2013,309,1720,276.72,-7.1526,264.61,.113,.036,.109,276.9,-7.04,264.8,276.4,-7.2,264.4,39.265,38.469,-.08371,-.06147,1.6627,39.294,38.469,-.08371,-.06147,1.6575,39.329,38.469,-.08502,-.06115,1.6574,13.47,8.26
213,2013,309,1721,276.96,-6.9731,264.59,.116,.105,.083,277.2,-6.776,264.8,276.7,-7.12,264.4,39.376,38.469,-.08632,-.06049,1.6549,39.295,38.469,-.08305,-.05951,1.6548,39.249,38.464,-.08175,-.0582,1.6546,13.44,8.4
213,2013,309,1722,276.66,-6.6406,264.55,.191,.075,.135,277,-6.51,264.8,276.4,-6.814,264.2,39.329,38.464,-.086,-.05657,1.6579,39.638,38.464,-.09777,-.05657,1.6495,39.679,38.47,-.09809,-.05853,1.6472,13.46,8.56
213,2013,309,1723,276.52,-7.1438,264.34,.208,.202,.096,277.1,-6.814,264.6,276.2,-7.46,264.2,39.743,38.481,-.10071,-.06016,1.6546,39.831,38.498,-.10333,-.06245,1.6555,39.771,38.508,-.09809,-.06409,1.6474,13.46,8.73
213,2013,309,1724,276.64,-7.683,264.43,.164,.1,.094,277,-7.5,264.6,276.4,-7.8,264.2,39.659,38.519,-.0945,-.06572,1.647,39.671,38.525,-.09613,-.0667,1.6546,39.595,38.53,-.09352,-.06703,1.6497,13.45,8.91
213,2013,309,1725,276.35,-7.8295,264.48,.07,.037,.093,276.5,-7.77,264.6,276.2,-7.88,264.2,39.52,38.53,-.0909,-.06768,1.6549,39.466,38.529,-.08894,-.06736,1.6495,39.495,38.535,-.08959,-.06703,1.6549,13.45,9.1
213,2013,309,1726,276.35,-7.7901,264.5,.105,.02,.09,276.6,-7.77,264.8,276.1,-7.84,264.4,39.379,38.535,-.08534,-.06703,1.655,39.396,38.54,-.08665,-.0667,1.6495,39.464,38.538,-.08828,-.06703,1.6548,13.45,9.31
213,2013,309,1727,276.46,-7.7119,264.52,.079,.118,.076,276.7,-7.46,264.6,276.3,-7.84,264.4,39.371,38.538,-.08468,-.06703,1.6548,39.383,38.538,-.08567,-.06572,1.6548,39.418,38.538,-.08599,-.06409,1.6497,13.44,9.52
213,2013,309,1728,277.03,-7.2398,264.66,.199,.108,.11,277.4,-7.08,264.8,276.7,-7.46,264.4,39.38,38.536,-.08338,-.0631,1.6549,39.427,38.536,-.08436,-.06147,1.6628,39.3,38.53,-.07978,-.06081,1.6576,13.44,9.73
213,2013,309,1729,277.06,-6.9802,264.72,.126,.082,.091,277.3,-6.814,265,276.7,-7.12,264.6,39.3,38.525,-.08076,-.06049,1.6549,39.301,38.51,-.08076,-.05951,1.6655,39.423,38.504,-.08599,-.05852,1.6578,13.43,9.95
213,2013,309,1730,276.97,-6.6754,264.65,.194,.103,.084,277.3,-6.509,264.8,276.4,-6.852,264.6,39.324,38.498,-.08239,-.05787,1.6577,39.371,38.498,-.08501,-.05656,1.6548,39.547,38.49,-.09351,-.05624,1.655,13.43,10.17
213,2013,309,1731,276.72,-6.7863,264.45,.123,.169,.09,277,-6.547,264.6,276.4,-7.04,264.2,39.699,38.495,-.09808,-.05721,1.655,39.711,38.495,-.09743,-.0595,1.6549,39.623,38.507,-.09416,-.06048,1.6474,13.43,10.4
213,2013,309,1732,276.71,-7.0939,264.47,.105,.029,.093,277,-7,264.6,276.5,-7.16,264.2,39.559,38.512,-.0922,-.06114,1.6472,39.473,38.514,-.08794,-.06081,1.6549,39.433,38.514,-.08696,-.06016,1.655,13.42,10.63
213,2013,309,1733,276.77,-6.9187,264.57,.073,.062,.088,276.9,-6.851,264.8,276.6,-7.04,264.4,39.357,38.514,-.08435,-.0595,1.6548,39.421,38.514,-.08696,-.05885,1.6551,39.479,38.503,-.08893,-.05885,1.6498,13.42,10.86
213,2013,309,1734,276.84,-6.8018,264.56,.079,.055,.09,277,-6.661,264.8,276.7,-6.851,264.4,39.41,38.503,-.08565,-.05885,1.6628,39.392,38.508,-.08533,-.05819,1.655,39.3,38.508,-.08206,-.05754,1.6549,13.4,11.09
213,2013,309,1735,276.75,-6.3734,264.67,.086,.168,.108,276.9,-6.166,265,276.5,-6.661,264.4,39.255,38.498,-.0814,-.05558,1.6551,39.324,38.498,-.08369,-.05361,1.663,39.411,38.493,-.08729,-.05296,1.6549,13.4,11.32
213,2013,309,1736,276.67,-6.4056,264.54,.108,.184,.093,276.9,-6.166,264.8,276.4,-6.775,264.4,39.539,38.498,-.09154,-.05394,1.6549,39.627,38.499,-.09546,-.0559,1.655,39.621,38.505,-.09545,-.05819,1.658,13.39,11.55
213,2013,309,1737,276.49,-6.9864,264.45,.256,.122,.086,276.8,-6.737,264.6,276,-7.16,264.2,39.58,38.51,-.09251,-.0595,1.643,39.504,38.516,-.09088,-.0608,1.6499,39.604,38.511,-.09578,-.06146,1.6475,13.39,11.79
213,2013,309,1738,275.89,-7.2476,264.39,.219,.044,.113,276.3,-7.16,264.6,275.5,-7.35,264.2,39.482,38.511,-.09153,-.06211,1.6389,39.453,38.511,-.09185,-.06211,1.6475,39.482,38.516,-.09218,-.06276,1.6474,13.38,12.02
213,2013,309,1739,275.77,-7.4288,264.41,.16,.039,.125,276,-7.35,264.8,275.5,-7.46,264.2,39.458,38.522,-.0912,-.06342,1.6416,39.494,38.517,-.09414,-.06407,1.6475,39.471,38.517,-.09283,-.06407,1.6476,13.38,12.24
213,2013,309,1740,275.35,-7.5979,264.24,.151,.067,.094,275.7,-7.46,264.4,275.1,-7.69,264,39.424,38.522,-.09152,-.06472,1.6476,39.569,38.522,-.09708,-.0657,1.6389,39.564,38.529,-.09773,-.06603,1.6416,13.37,12.47
213,2013,309,1741,274.91,-7.5932,264.12,.13,.072,.096,275.2,-7.46,264.4,274.6,-7.69,264,39.564,38.529,-.09806,-.06537,1.6416,39.512,38.534,-.0961,-.06504,1.6336,39.431,38.546,-.09348,-.06406,1.639,13.37,12.7
213,2013,309,1742,274.8,-7.1452,264.23,.183,.165,.127,275.2,-6.926,264.6,274.5,-7.46,264,39.368,38.541,-.09119,-.0621,1.6389,39.42,38.546,-.0925,-.06014,1.6474,39.507,38.552,-.09413,-.05949,1.6391,13.36,12.93
213,2013,309,1743,275.39,-6.9503,264.32,.16,.035,.102,275.7,-6.888,264.4,275.1,-7,264,39.489,38.558,-.09282,-.05949,1.6388,39.565,38.558,-.09446,-.05981,1.6475,39.524,38.563,-.09347,-.06014,1.6476,13.36,13.15
213,2013,309,1744,275.67,-7.1074,264.33,.158,.046,.096,275.9,-7,264.6,275.3,-7.15,264,39.623,38.574,-.09543,-.06079,1.65,39.577,38.58,-.09249,-.06144,1.6416,39.472,38.58,-.08955,-.06079,1.6475,13.35,13.35
213,2013,309,1745,275.75,-6.8363,264.39,.082,.149,.108,275.9,-6.583,264.6,275.6,-7.08,264.2,39.443,38.586,-.08824,-.05948,1.6498,39.513,38.591,-.09085,-.05817,1.6397,39.501,38.597,-.08889,-.05654,1.6472,13.35,13.53
213,2013,309,1746,275.97,-6.3624,264.42,.084,.119,.094,276.1,-6.164,264.6,275.8,-6.583,264.2,39.46,38.608,-.08693,-.05523,1.6472,39.484,38.603,-.08758,-.05425,1.6498,39.426,38.603,-.08529,-.05294,1.6476,13.34,13.69
213,2013,309,1747,276.07,-5.8835,264.44,.066,.178,.085,276.2,-5.555,264.8,275.9,-6.164,264.2,39.345,38.603,-.08235,-.05163,1.6498,39.391,38.603,-.08399,-.04967,1.65,39.386,38.598,-.08366,-.04804,1.6473,13.34,13.82
213,2013,309,1748,276.17,-5.4064,264.42,.115,.078,.086,276.4,-5.326,264.6,275.9,-5.555,264.2,39.449,38.598,-.08594,-.0464,1.6497,39.467,38.603,-.08594,-.04608,1.6475,39.444,38.609,-.08496,-.04575,1.6474,13.33,13.92
213,2013,309,1749,276.42,-5.2668,264.5,.115,.033,.097,276.7,-5.174,264.8,276.2,-5.326,264.4,39.369,38.604,-.08202,-.04542,1.65,39.357,38.604,-.08137,-.04509,1.6548,39.375,38.598,-.08169,-.04509,1.6551,13.33,14
213,2013,309,1750,276.66,-5.4233,264.58,.109,.154,.12,276.9,-5.174,265,276.4,-5.707,264.2,39.531,38.598,-.08725,-.04575,1.65,39.48,38.594,-.08463,-.04706,1.6499,39.62,38.594,-.09051,-.04901,1.6549,13.33,14.05
213,2013,309,1751,276.83,-6.1454,264.59,.108,.237,.107,277,-5.707,264.8,276.6,-6.506,264.4,39.597,38.594,-.08823,-.05163,1.6551,39.475,38.594,-.08463,-.05392,1.6578,39.315,38.585,-.0794,-.05588,1.6473,13.32,14.07
213,2013,309,1752,276.57,-6.7121,264.61,.095,.075,.086,276.8,-6.544,264.8,276.4,-6.772,264.4,39.28,38.585,-.07875,-.05751,1.6577,39.298,38.591,-.07973,-.05816,1.6574,39.303,38.591,-.07842,-.05816,1.6547,13.32,14.08
213,2013,309,1753,277.09,-6.7672,264.7,.202,.012,.109,277.4,-6.734,265,276.7,-6.772,264.4,39.321,38.591,-.07809,-.05816,1.663,39.392,38.582,-.08038,-.05816,1.6577,39.334,38.582,-.07809,-.05816,1.6629,13.32,14.07
213,2013,309,1754,277.02,-6.6701,264.79,.168,.04,.081,277.4,-6.619,265,276.8,-6.772,264.6,39.173,38.571,-.07352,-.05751,1.6654,39.156,38.571,-.07385,-.05718,1.6656,39.327,38.563,-.08005,-.05751,1.6577,13.32,14.05
213,2013,309,1755,277.05,-6.7054,264.68,.091,.068,.093,277.2,-6.543,264.8,276.9,-6.771,264.4,39.327,38.563,-.07907,-.05783,1.6575,39.258,38.557,-.07744,-.05751,1.6548,39.211,38.557,-.07613,-.0562,1.6631,13.32,14.01
213,2013,309,1756,276.85,-6.4479,264.73,.167,.057,.126,277.1,-6.391,265,276.5,-6.543,264.4,39.146,38.544,-.07384,-.05555,1.6708,39.365,38.538,-.08299,-.05489,1.6576,39.515,38.538,-.08887,-.0562,1.655,13.32,13.96
213,2013,309,1757,276.87,-6.8745,264.56,.142,.178,.081,277.1,-6.543,264.8,276.6,-7.15,264.4,39.55,38.538,-.08887,-.05816,1.655,39.455,38.536,-.08658,-.06012,1.6548,39.409,38.536,-.0856,-.06143,1.6547,13.32,13.9
213,2013,309,1758,276.36,-7.317,264.54,.178,.091,.087,276.6,-7.15,264.8,276.1,-7.46,264.4,39.409,38.531,-.08658,-.06273,1.6629,39.311,38.531,-.08364,-.06339,1.6547,39.374,38.53,-.08626,-.06404,1.6551,13.32,13.83
213,2013,309,1759,276.19,-7.4,264.52,.086,.047,.125,276.4,-7.3,265,276.1,-7.46,264.4,39.327,38.53,-.08495,-.06371,1.6473,39.345,38.53,-.08528,-.06339,1.6549,39.385,38.53,-.08626,-.06306,1.6577,13.32,13.76
