100,2013,309,1700,-8.51,70.8,-12.84,.202,-8.26,60.96,-14.45,.175,-8.22,63.4,-13.93,.183,-8.45,62.1,-14.4,.175,10.17,10.14,283.2,4.695,12.58,12.56,280.9,3.26,12.85,12.83,285.3,3.096,14.15,14.13,280.1,3.189,100.88,1,0,8554,8385,71,85,85,.01,25.74,237,-8.39,-12.94,.301,.199,66.3,0,0,0,0,0,0,0,0,0,0,0,0,0,0,0,0,13.31,0,0,0,0,11.07,16.9,8.7
100,2013,309,1701,-8.51,71.4,-12.75,.204,-8.25,61.34,-14.36,.176,-8.17,63.55,-13.85,.184,-8.35,63.25,-14.09,.181,10.24,10.21,280.6,4.86,13.35,13.32,278.8,3.393,13.42,13.4,281.6,3.153,14.19,14.16,275.4,3.594,100.87,1,0,10390,8154,71,85,85,0,25.74,237,-8.22,-12.94,.305,.199,65.34,0,0,0,0,0,0,0,0,0,0,0,0,0,0,0,0,13.32,0,0,0,0,11.01,17.2,8.7
100,2013,309,1702,-8.47,69.43,-13.06,.198,-8.2,59.39,-14.71,.171,-8.14,61.8,-14.17,.179,-8.32,61.53,-14.39,.176,10.22,10.11,279.2,8.11,13.35,13.31,277.5,4.447,13.51,13.46,280.9,4.843,14.22,14.17,278.4,4.819,100.87,1,0,4813,7544,71,85,85,0,25.74,237,-8.17,-12.94,.307,.199,65.02,0,0,0,0,0,0,0,0,0,0,0,0,0,0,0,0,13.32,0,0,0,0,10.95,17.3,8.7
100,2013,309,1703,-8.43,70.8,-12.77,.204,-8.19,61.54,-14.27,.178,-8.13,63.84,-13.76,.186,-8.32,62.52,-14.2,.179,7.93,7.83,268.6,9.52,12.36,12.26,269.2,7.16,13.22,13.15,270.4,5.567,14.08,14.05,267.1,4.082,100.87,1,0,7740,7823,71,85,85,0,25.74,237,-8.33,-12.83,.302,.201,66.65,.012,.727,.142,.003,.008,.582,.118,.002,.008,.951,.187,.003,.009,.366,.082,.001,13.33,0,0,0,0,10.89,17,8.9
100,2013,309,1704,-8.58,72.6,-12.61,.207,-8.29,61.93,-14.28,.177,-8.21,63.75,-13.85,.184,-8.37,62.05,-14.34,.176,9.67,9.61,274.5,6.493,13.29,13.24,275,4.95,13.64,13.59,276.9,4.759,14.61,14.59,275.6,3.359,100.88,1,0,3274,7069,71,85,85,0,25.74,237,-8.44,-12.89,.299,.2,66.96,0,0,0,0,0,0,0,0,0,0,0,0,0,0,0,0,13.32,0,0,0,0,10.84,16.8,8.8
100,2013,309,1705,-8.61,69.7,-13.14,.197,-8.32,58.95,-14.91,.167,-8.25,60.49,-14.54,.173,-8.44,59.53,-14.91,.167,10.99,10.95,277.4,4.387,14.09,14.06,276.1,3.471,14.35,14.3,278.8,4.494,15.1,15.07,276,3.53,100.88,1,0,4962,6477,71,85,85,0,25.74,237,-8.44,-12.89,.299,.2,66.96,0,0,0,0,0,0,0,0,0,0,0,0,0,0,0,0,13.32,0,0,0,0,10.78,16.8,8.8
100,2013,309,1706,-8.65,67.72,-13.53,.19,-8.33,57.37,-15.25,.162,-8.28,59.64,-14.74,.17,-8.49,59.41,-14.98,.166,9.99,9.98,276.3,3.277,13.61,13.6,275.9,2.45,13.61,13.59,277.7,2.68,14.24,14.22,274,3.123,100.88,1,0,8523,6213,71,85,85,0,25.74,237,-8.33,-13.11,.302,.196,64.98,0,0,0,0,0,0,0,0,0,0,0,0,0,0,0,0,13.32,0,0,0,0,10.72,17,8.4
100,2013,309,1707,-8.63,67.36,-13.58,.189,-8.31,57.2,-15.27,.162,-8.26,59.82,-14.68,.171,-8.46,60.23,-14.79,.169,8.79,8.74,274.9,6.419,12.83,12.81,275.9,3.308,12.6,12.58,277.9,3.283,13.21,13.19,274.5,3.489,100.89,1,0,12087,6504,71,85,85,0,25.74,237,-8.5,-13.33,.298,.192,64.61,.022,.384,.05,.001,.017,.137,.029,0,.025,.187,.045,.001,.008,.194,.043,.001,13.33,0,0,0,0,10.68,16.7,8
100,2013,309,1708,-8.69,68.19,-13.49,.191,-8.39,58.06,-15.16,.164,-8.34,59.93,-14.73,.17,-8.53,58.42,-15.22,.163,11.1,11.04,289.2,6.17,13.53,13.47,286.5,5.434,14.49,14.47,289.4,2.819,15.56,15.55,284.3,2.594,100.88,1,0,7479,6698,71,85,85,0,25.74,237,-8.44,-13.67,.299,.187,62.37,0,0,0,0,0,0,0,0,0,0,0,0,0,0,0,0,13.33,0,0,0,0,10.62,16.8,7.4
100,2013,309,1709,-8.72,66.81,-13.76,.186,-8.41,56.37,-15.54,.158,-8.36,58.22,-15.11,.164,-8.58,57.43,-15.47,.159,11.54,11.48,285.2,5.778,13.55,13.52,281.9,3.473,13.59,13.57,283.3,2.567,14.85,14.84,279.2,2.248,100.89,1,0,9516,6685,71,85,85,0,25.74,237,-8.44,-13.83,.299,.184,61.42,0,0,0,0,0,0,0,0,0,0,0,0,0,0,0,0,13.33,0,0,0,0,10.56,16.8,7.1
100,2013,309,1710,-8.7,67.42,-13.64,.188,-8.39,57.46,-15.3,.162,-8.33,59.68,-14.77,.17,-8.53,59.29,-15.04,.165,9.26,9.2,282.3,6.359,11.47,11.42,278.6,5.369,11.81,11.75,278.8,5.824,12.93,12.9,273,3.988,100.9,1,0,12749,6861,71,85,85,0,25.74,237,-8.56,-13.83,.296,.184,62.02,.021,1.165,.193,.003,.011,1.321,.277,.004,.021,1.497,.321,.005,.032,.539,.138,.002,13.34,0,0,0,0,10.5,16.6,7.1
100,2013,309,1711,-8.69,68.91,-13.36,.193,-8.38,58.86,-14.99,.166,-8.29,60.68,-14.54,.173,-8.47,59.41,-14.96,.167,7.35,7.28,265.8,7.72,12.34,12.31,267.2,4.12,12.91,12.88,269.2,3.973,13.66,13.63,267.7,3.492,100.89,1,0,12155,6928,10,85,85,0,25.74,237,-8.44,-13.5,.299,.19,63.33,0,0,0,0,0,0,0,0,0,0,0,0,0,0,0,0,13.33,0,0,0,0,10.45,16.8,7.7
100,2013,309,1712,-8.66,68.02,-13.49,.191,-8.35,57.91,-15.16,.164,-8.28,59.63,-14.74,.17,-8.48,58.88,-15.08,.165,7.29,7.24,267.2,6.867,12.12,12.11,268.3,2.429,12.46,12.44,269.1,2.935,12.84,12.81,265.7,3.423,100.91,1,0,9202,7438,10,85,85,0,25.74,237,-8.44,-13.39,.299,.191,63.97,.014,.271,.046,.001,.012,.365,.087,.001,.012,.617,.135,.002,.012,.615,.116,.002,13.34,0,0,0,0,10.39,16.8,7.9
100,2013,309,1713,-8.75,69.71,-13.27,.194,-8.46,59.48,-14.93,.167,-8.38,60.97,-14.56,.173,-8.54,58.71,-15.17,.163,6.131,6.013,264.1,11.23,11.42,11.39,263.3,4.237,12.6,12.58,264.9,3.222,13.99,13.97,263.6,3.076,100.9,1,0,13989,7772,10,85,85,0,25.74,237,-8.5,-13.17,.298,.195,65.61,0,0,0,0,0,0,0,0,0,0,0,0,0,0,0,0,13.33,0,0,0,0,10.34,16.7,8.3
100,2013,309,1714,-8.73,68.54,-13.46,.191,-8.41,57.93,-15.21,.163,-8.33,59.78,-14.76,.17,-8.52,59.54,-14.99,.166,7.87,7.84,266.8,5.441,11.98,11.97,265.5,2.226,12.19,12.17,266,2.946,12.18,12.17,262.7,2.3,100.89,1,0,13658,9483,71,85,85,0,25.74,237,-8.39,-13.33,.301,.192,63.99,.033,.23,.043,.001,.049,.463,.112,.002,.033,.706,.167,.003,.016,.882,.191,.003,13.35,0,0,0,0,10.29,16.9,8
100,2013,309,1715,-8.61,69.31,-13.21,.196,-8.32,60.18,-14.67,.171,-8.29,63.26,-14.02,.182,-8.49,62.54,-14.36,.176,7.09,7.06,266.6,5.526,11.82,11.8,266.5,3.46,12.24,12.21,269.2,4.117,13.63,13.58,268.3,4.699,100.9,1,0,16698,10955,71,85,85,0,25.74,237,-8.33,-13.44,.302,.191,63.03,.025,.561,.127,.002,.005,1.038,.21,.003,.015,.975,.2,.003,.018,.866,.184,.003,13.35,0,0,0,0,10.23,17,7.8
100,2013,309,1716,-8.59,71,-12.9,.201,-8.34,60.9,-14.53,.173,-8.28,62.9,-14.09,.181,-8.47,61.62,-14.52,.173,6.986,6.863,266.2,10.74,12.25,12.23,263.4,3.086,13.1,13.08,264.2,2.587,13.55,13.54,261.7,2.258,100.9,1,0,8228,10905,71,85,85,0,25.74,237,-8.44,-13.28,.299,.193,64.63,.075,.363,.017,0,.031,1.077,.247,.004,.019,1.607,.33,.005,.013,1.181,.24,.004,13.35,0,0,0,0,10.18,16.8,8.1
100,2013,309,1717,-8.7,70.9,-13.02,.199,-8.41,60.98,-14.58,.172,-8.33,63.19,-14.08,.181,-8.49,61.6,-14.54,.173,7.44,7.39,270.7,7,11.1,11.04,271.6,5.618,11.8,11.76,273.8,4.916,13.11,13.04,271.6,5.895,100.92,1,0,14618,11078,71,85,85,0,25.74,237,-8.39,-13.33,.301,.192,63.99,.024,.724,.107,.002,.031,.632,.101,.002,.024,.545,.09,.001,.012,.427,.092,.001,13.35,0,0,0,0,10.13,16.9,8
100,2013,309,1718,-8.54,70.3,-12.97,.2,-8.33,61.81,-14.35,.176,-8.26,64.29,-13.8,.185,-8.45,62.81,-14.27,.177,9.27,9.21,277.9,7.03,12.08,12.05,275.9,3.667,12.38,12.37,278.4,3.073,14.2,14.18,276,3.037,100.91,1,0,15429,11993,71,85,85,0,25.74,237,-8.33,-13.28,.302,.193,64,.051,.215,.066,.001,.045,.347,.095,.002,.04,.437,.102,.002,.015,.678,.145,.002,13.35,0,0,0,0,10.08,17,8.1
100,2013,309,1719,-8.61,68.95,-13.27,.194,-8.38,59.16,-14.93,.167,-8.33,60.64,-14.58,.172,-8.51,60,-14.88,.168,9.17,9.13,270,5.916,13.31,13.28,271,3.859,13.81,13.78,273.5,3.449,14.88,14.86,270,3.113,100.9,1,0,9657,12015,71,85,85,0,25.74,237,-8.44,-13.17,.299,.195,65.29,0,0,0,0,0,0,0,0,0,0,0,0,0,0,0,0,13.34,0,0,0,0,10.03,16.8,8.3
100,2013,309,1705,-8.61,69.7,-13.14,.197,-8.32,58.95,-14.91,.167,-8.25,60.49,-14.54,.173,-8.44,59.53,-14.91,.167,10.99,10.95,277.4,4.387,14.09,14.06,276.1,3.471,14.35,14.3,278.8,4.494,15.1,15.07,276,3.53,100.88,1,0,4962,6477,71,85,85,0,25.74,237,-8.44,-12.89,.299,.2,66.96,0,0,0,0,0,0,0,0,0,0,0,0,0,0,0,0,13.32,0,0,0,0,10.78,16.8,8.8
100,2013,309,1706,-8.65,67.72,-13.53,.19,-8.33,57.37,-15.25,.162,-8.28,59.64,-14.74,.17,-8.49,59.41,-14.98,.166,9.99,9.98,276.3,3.277,13.61,13.6,275.9,2.45,13.61,13.59,277.7,2.68,14.24,14.22,274,3.123,100.88,1,0,8523,6213,71,85,85,0,25.74,237,-8.33,-13.11,.302,.196,64.98,0,0,0,0,0,0,0,0,0,0,0,0,0,0,0,0,13.32,0,0,0,0,10.72,17,8.4
100,2013,309,1707,-8.63,67.36,-13.58,.189,-8.31,57.2,-15.27,.162,-8.26,59.82,-14.68,.171,-8.46,60.23,-14.79,.169,8.79,8.74,274.9,6.419,12.83,12.81,275.9,3.308,12.6,12.58,277.9,3.283,13.21,13.19,274.5,3.489,100.89,1,0,12087,6504,71,85,85,0,25.74,237,-8.5,-13.33,.298,.192,64.61,.022,.384,.05,.001,.017,.137,.029,0,.025,.187,.045,.001,.008,.194,.043,.001,13.33,0,0,0,0,10.68,16.7,8
100,2013,309,1708,-8.69,68.19,-13.49,.191,-8.39,58.06,-15.16,.164,-8.34,59.93,-14.73,.17,-8.53,58.42,-15.22,.163,11.1,11.04,289.2,6.17,13.53,13.47,286.5,5.434,14.49,14.47,289.4,2.819,15.56,15.55,284.3,2.594,100.88,1,0,7479,6698,71,85,85,0,25.74,237,-8.44,-13.67,.299,.187,62.37,0,0,0,0,0,0,0,0,0,0,0,0,0,0,0,0,13.33,0,0,0,0,10.62,16.8,7.4
100,2013,309,1709,-8.72,66.81,-13.76,.186,-8.41,56.37,-15.54,.158,-8.36,58.22,-15.11,.164,-8.58,57.43,-15.47,.159,11.54,11.48,285.2,5.778,13.55,13.52,281.9,3.473,13.59,13.57,283.3,2.567,14.85,14.84,279.2,2.248,100.89,1,0,9516,6685,71,85,85,0,25.74,237,-8.44,-13.83,.299,.184,61.42,0,0,0,0,0,0,0,0,0,0,0,0,0,0,0,0,13.33,0,0,0,0,10.56,16.8,7.1
100,2013,309,1710,-8.7,67.42,-13.64,.188,-8.39,57.46,-15.3,.162,-8.33,59.68,-14.77,.17,-8.53,59.29,-15.04,.165,9.26,9.2,282.3,6.359,11.47,11.42,278.6,5.369,11.81,11.75,278.8,5.824,12.93,12.9,273,3.988,100.9,1,0,12749,6861,71,85,85,0,25.74,237,-8.56,-13.83,.296,.184,62.02,.021,1.165,.193,.003,.011,1.321,.277,.004,.021,1.497,.321,.005,.032,.539,.138,.002,13.34,0,0,0,0,10.5,16.6,7.1
100,2013,309,1711,-8.69,68.91,-13.36,.193,-8.38,58.86,-14.99,.166,-8.29,60.68,-14.54,.173,-8.47,59.41,-14.96,.167,7.35,7.28,265.8,7.72,12.34,12.31,267.2,4.12,12.91,12.88,269.2,3.973,13.66,13.63,267.7,3.492,100.89,1,0,12155,6928,10,85,85,0,25.74,237,-8.44,-13.5,.299,.19,63.33,0,0,0,0,0,0,0,0,0,0,0,0,0,0,0,0,13.33,0,0,0,0,10.45,16.8,7.7
100,2013,309,1712,-8.66,68.02,-13.49,.191,-8.35,57.91,-15.16,.164,-8.28,59.63,-14.74,.17,-8.48,58.88,-15.08,.165,7.29,7.24,267.2,6.867,12.12,12.11,268.3,2.429,12.46,12.44,269.1,2.935,12.84,12.81,265.7,3.423,100.91,1,0,9202,7438,10,85,85,0,25.74,237,-8.44,-13.39,.299,.191,63.97,.014,.271,.046,.001,.012,.365,.087,.001,.012,.617,.135,.002,.012,.615,.116,.002,13.34,0,0,0,0,10.39,16.8,7.9
100,2013,309,1713,-8.75,69.71,-13.27,.194,-8.46,59.48,-14.93,.167,-8.38,60.97,-14.56,.173,-8.54,58.71,-15.17,.163,6.131,6.013,264.1,11.23,11.42,11.39,263.3,4.237,12.6,12.58,264.9,3.222,13.99,13.97,263.6,3.076,100.9,1,0,13989,7772,10,85,85,0,25.74,237,-8.5,-13.17,.298,.195,65.61,0,0,0,0,0,0,0,0,0,0,0,0,0,0,0,0,13.33,0,0,0,0,10.34,16.7,8.3
100,2013,309,1714,-8.73,68.54,-13.46,.191,-8.41,57.93,-15.21,.163,-8.33,59.78,-14.76,.17,-8.52,59.54,-14.99,.166,7.87,7.84,266.8,5.441,11.98,11.97,265.5,2.226,12.19,12.17,266,2.946,12.18,12.17,262.7,2.3,100.89,1,0,13658,9483,71,85,85,0,25.74,237,-8.39,-13.33,.301,.192,63.99,.033,.23,.043,.001,.049,.463,.112,.002,.033,.706,.167,.003,.016,.882,.191,.003,13.35,0,0,0,0,10.29,16.9,8
100,2013,309,1715,-8.61,69.31,-13.21,.196,-8.32,60.18,-14.67,.171,-8.29,63.26,-14.02,.182,-8.49,62.54,-14.36,.176,7.09,7.06,266.6,5.526,11.82,11.8,266.5,3.46,12.24,12.21,269.2,4.117,13.63,13.58,268.3,4.699,100.9,1,0,16698,10955,71,85,85,0,25.74,237,-8.33,-13.44,.302,.191,63.03,.025,.561,.127,.002,.005,1.038,.21,.003,.015,.975,.2,.003,.018,.866,.184,.003,13.35,0,0,0,0,10.23,17,7.8
100,2013,309,1716,-8.59,71,-12.9,.201,-8.34,60.9,-14.53,.173,-8.28,62.9,-14.09,.181,-8.47,61.62,-14.52,.173,6.986,6.863,266.2,10.74,12.25,12.23,263.4,3.086,13.1,13.08,264.2,2.587,13.55,13.54,261.7,2.258,100.9,1,0,8228,10905,71,85,85,0,25.74,237,-8.44,-13.28,.299,.193,64.63,.075,.363,.017,0,.031,1.077,.247,.004,.019,1.607,.33,.005,.013,1.181,.24,.004,13.35,0,0,0,0,10.18,16.8,8.1
100,2013,309,1717,-8.7,70.9,-13.02,.199,-8.41,60.98,-14.58,.172,-8.33,63.19,-14.08,.181,-8.49,61.6,-14.54,.173,7.44,7.39,270.7,7,11.1,11.04,271.6,5.618,11.8,11.76,273.8,4.916,13.11,13.04,271.6,5.895,100.92,1,0,14618,11078,71,85,85,0,25.74,237,-8.39,-13.33,.301,.192,63.99,.024,.724,.107,.002,.031,.632,.101,.002,.024,.545,.09,.001,.012,.427,.092,.001,13.35,0,0,0,0,10.13,16.9,8
100,2013,309,1718,-8.54,70.3,-12.97,.2,-8.33,61.81,-14.35,.176,-8.26,64.29,-13.8,.185,-8.45,62.81,-14.27,.177,9.27,9.21,277.9,7.03,12.08,12.05,275.9,3.667,12.38,12.37,278.4,3.073,14.2,14.18,276,3.037,100.91,1,0,15429,11993,71,85,85,0,25.74,237,-8.33,-13.28,.302,.193,64,.051,.215,.066,.001,.045,.347,.095,.002,.04,.437,.102,.002,.015,.678,.145,.002,13.35,0,0,0,0,10.08,17,8.1
100,2013,309,1719,-8.61,68.95,-13.27,.194,-8.38,59.16,-14.93,.167,-8.33,60.64,-14.58,.172,-8.51,60,-14.88,.168,9.17,9.13,270,5.916,13.31,13.28,271,3.859,13.81,13.78,273.5,3.449,14.88,14.86,270,3.113,100.9,1,0,9657,12015,71,85,85,0,25.74,237,-8.44,-13.17,.299,.195,65.29,0,0,0,0,0,0,0,0,0,0,0,0,0,0,0,0,13.34,0,0,0,0,10.03,16.8,8.3
100,2013,309,1720,-8.65,69.57,-13.2,.196,-8.42,60.56,-14.68,.171,-8.38,63.07,-14.15,.179,-8.56,61.65,-14.6,.172,8.45,8.38,274.2,7.3,12.16,12.12,275.5,4.89,12.56,12.52,279.4,4.486,13.47,13.44,278.6,4.124,100.91,1,0,11175,11858,0,85,85,0,25.74,237,-8.56,-13.28,.296,.193,65.26,.029,1.28,.202,.004,.021,1.116,.207,.003,.018,.753,.135,.002,.008,.345,.066,.001,13.35,0,0,0,0,9.98,16.6,8.1
100,2013,309,1721,-8.67,70.2,-13.12,.197,-8.42,60.61,-14.67,.171,-8.36,62.73,-14.2,.179,-8.56,62.03,-14.52,.173,9.87,9.86,281.4,2.515,11.79,11.77,279.4,3.231,11.71,11.69,282.1,3.87,12.36,12.34,277.9,3.003,100.91,1,0,9778,11583,0,85,85,0,25.74,237,-8.39,-13.28,.301,.193,64.31,.016,.281,.04,.001,.012,.096,.01,0,.01,.066,.014,0,.004,.084,.02,0,13.35,0,0,0,0,9.93,16.9,8.1
100,2013,309,1722,-8.59,70.2,-13.04,.199,-8.37,61.03,-14.54,.173,-8.33,63.32,-14.06,.181,-8.53,61.42,-14.62,.172,10.5,10.44,288.1,6.096,12.75,12.72,283.9,4.228,13.32,13.29,286.6,4.025,14.47,14.45,283.6,3.165,100.9,1,0,13598,12074,0,85,85,0,25.74,237,-8.56,-13.17,.296,.195,65.93,0,0,0,0,0,0,0,0,0,0,0,0,0,0,0,0,13.35,0,0,0,0,9.89,16.6,8.3
100,2013,309,1723,-8.74,68.97,-13.4,.192,-8.49,59.32,-15,.166,-8.44,61.46,-14.52,.173,-8.61,60.12,-14.95,.167,12.55,12.51,286.4,4.599,14.07,14.01,286.5,5.078,14.92,14.86,286.3,4.817,16.37,16.31,280.7,4.579,100.9,1,0,5732,10739,0,85,85,0,25.74,237,-8.44,-13.17,.299,.195,65.29,0,0,0,0,0,0,0,0,0,0,0,0,0,0,0,0,13.35,0,0,0,0,9.84,16.8,8.3
100,2013,309,1724,-8.69,70.3,-13.11,.197,-8.41,59.99,-14.79,.169,-8.36,60.58,-14.62,.172,-8.56,59.34,-15.06,.165,9.97,9.93,272.7,5.257,13.95,13.94,273.8,2.373,14.59,14.59,274.8,1.3,15.09,15.09,272.8,1.61,100.91,1,0,4909,9419,0,85,85,0,25.74,237,-8.44,-13.17,.299,.195,65.29,0,0,0,0,0,0,0,0,0,0,0,0,0,0,0,0,13.35,0,0,0,0,9.79,16.8,8.3
100,2013,309,1725,-8.73,69.21,-13.35,.193,-8.45,58.72,-15.08,.165,-8.4,59.93,-14.79,.169,-8.61,58.68,-15.24,.162,8.61,8.57,272.2,5.412,12.93,12.92,272.1,2.748,13.68,13.66,274.8,3.198,14.71,14.69,271.5,2.558,100.91,1,0,11276,9170,10,85,85,0,25.74,237,-8.56,-13.28,.296,.193,65.26,0,0,0,0,0,0,0,0,0,0,0,0,0,0,0,0,13.35,0,0,0,0,9.74,16.6,8.1
100,2013,309,1726,-8.73,69.04,-13.37,.193,-8.45,59.13,-15,.166,-8.4,61.09,-14.55,.173,-8.61,59.95,-14.98,.166,8.13,8.06,267.4,7.62,13.64,13.62,270,3.026,14.26,14.24,271.7,2.688,14.77,14.76,269.4,1.714,100.92,1,0,6784,8958,10,85,85,0,25.74,237,-8.5,-13.33,.298,.192,64.61,0,0,0,0,0,0,0,0,0,0,0,0,0,0,0,0,13.35,0,0,0,0,9.7,16.7,8
100,2013,309,1727,-8.7,68.17,-13.5,.19,-8.4,58.46,-15.09,.165,-8.36,61.51,-14.44,.175,-8.59,61.12,-14.73,.17,8.38,8.34,272,5.268,12.36,12.35,272.8,3.109,12.38,12.36,275.4,3.627,13.47,13.46,272.4,2.933,100.92,1,0,19051,9087,10,85,85,0,25.74,237,-8.44,-13.5,.299,.19,63.33,0,0,0,0,0,0,0,0,0,0,0,0,0,0,0,0,13.35,0,0,0,0,9.65,16.8,7.7
100,2013,309,1728,-8.56,69.99,-13.04,.199,-8.3,60.92,-14.5,.174,-8.28,64.27,-13.82,.185,-8.5,63.44,-14.19,.179,9.39,9.34,272.6,5.965,13.09,13.06,273.9,4.373,13.05,13.01,277.1,4.337,14.19,14.13,273.4,5.37,100.92,1,0,7674,8577,10,85,85,0,25.74,237,-8.28,-13.44,.304,.191,62.73,.03,1.14,.235,.004,.025,.24,.07,.001,.04,.355,.03,.001,.035,.2,.07,.001,13.36,0,0,0,0,9.61,17.1,7.8
100,2013,309,1729,-8.53,71.5,-12.75,.204,-8.31,62.38,-14.21,.178,-8.26,64.66,-13.73,.187,-8.45,62.94,-14.25,.178,8.62,8.57,276.3,5.646,11.13,11.1,276.9,4.343,11.82,11.78,279.2,4.652,13,12.96,277,4.619,100.92,1,0,17933,8943,10,85,85,0,25.74,237,-8.28,-13.17,.304,.195,64.34,.022,.901,.137,.003,.031,1.035,.179,.003,.021,.486,.075,.001,.005,.022,.005,0,13.37,0,0,0,0,9.56,17.1,8.3
100,2013,309,1730,-8.53,69.22,-13.15,.197,-8.35,61.03,-14.52,.173,-8.3,63.47,-14,.182,-8.51,62.12,-14.46,.174,9.6,9.57,282.5,4.512,11.76,11.73,282.2,3.874,12.23,12.2,285.1,4.137,13.47,13.43,282.1,4.077,100.91,1,0,20000,9290,10,85,85,0,25.74,237,-8.33,-13.06,.302,.197,65.31,0,0,0,0,0,0,0,0,0,0,0,0,0,0,0,0,13.36,0,0,0,0,9.51,17,8.5
100,2013,309,1731,-8.62,68.59,-13.35,.193,-8.42,59.88,-14.82,.169,-8.37,62.44,-14.26,.178,-8.56,61.8,-14.57,.173,12.04,12.01,287.2,4.369,13.65,13.64,284.9,2.944,14.27,14.26,286.6,2.798,15.07,15.06,283.2,2.181,100.93,1,0,8741,9186,10,85,85,0,25.74,237,-8.44,-13.22,.299,.194,64.96,0,0,0,0,0,0,0,0,0,0,0,0,0,0,0,0,13.36,0,0,0,0,9.47,16.8,8.2
100,2013,309,1732,-8.71,70.6,-13.09,.198,-8.51,61.87,-14.51,.174,-8.44,64.32,-13.97,.182,-8.62,62.87,-14.42,.175,9.77,9.74,282.8,4.53,11.18,11.14,281.4,4.628,11.73,11.69,283.7,4.95,13.01,12.97,281.2,4.538,100.94,1,0,13425,9178,10,24,85,0,25.74,237,-8.44,-13.33,.299,.192,64.3,0,0,0,0,0,0,0,0,0,0,0,0,0,0,0,0,13.36,0,0,0,0,9.42,16.8,8
100,2013,309,1733,-8.68,71.3,-12.92,.201,-8.49,62.28,-14.4,.175,-8.41,64.22,-13.96,.183,-8.6,63.7,-14.24,.178,8.24,8.2,276,5.892,11.84,11.8,275,4.626,12.21,12.18,277.8,4.063,12.85,12.83,275.9,3.15,100.93,1,0,17280,10278,71,85,85,0,25.74,237,-8.44,-13.28,.299,.193,64.63,0,.521,.092,.002,.012,.999,.184,.003,.005,1.23,.222,.004,.005,.511,.096,.002,13.37,0,0,0,0,9.37,16.8,8.1
100,2013,309,1734,-8.68,68.85,-13.36,.193,-8.45,59.39,-14.95,.167,-8.41,62.21,-14.34,.176,-8.62,62.18,-14.55,.173,7.86,7.83,276.1,4.591,11.41,11.39,276.8,3.229,11.2,11.19,279.6,2.786,11.66,11.63,276.5,3.628,100.94,1,0,19549,12189,71,85,85,0,25.74,237,-8.39,-13.22,.301,.194,64.64,.009,.156,.033,.001,.014,.217,.058,.001,.013,.283,.065,.001,.01,.275,.059,.001,13.37,0,0,0,0,9.32,16.9,8.2
100,2013,309,1735,-8.61,69.74,-13.13,.197,-8.38,61.12,-14.53,.173,-8.35,64.35,-13.88,.184,-8.58,63.76,-14.2,.179,8.06,8.02,274.8,5.533,11.4,11.37,276.6,4.343,11.63,11.61,279.1,3.356,12.44,12.42,276.4,3.253,100.93,1,0,20000,13012,71,85,85,0,25.74,237,-8.28,-13.22,.304,.194,64.01,0,0,0,0,0,0,0,0,0,0,0,0,0,0,0,0,13.36,0,0,0,0,9.28,17.1,8.2
100,2013,309,1736,-8.61,69.2,-13.23,.195,-8.4,60.12,-14.75,.17,-8.36,62.55,-14.23,.178,-8.56,61.74,-14.58,.172,10.08,10.03,276.7,5.386,13.14,13.1,277.1,4.737,13.18,13.16,280.5,3.354,13.94,13.92,279.6,2.939,100.93,1,0,9022,13663,71,85,85,0,25.74,237,-8.5,-13.28,.298,.193,64.94,0,0,0,0,0,0,0,0,0,0,0,0,0,0,0,0,13.36,0,0,0,0,9.24,16.7,8.1
100,2013,309,1737,-8.66,70.3,-13.08,.198,-8.4,60.77,-14.62,.172,-8.34,63.51,-14.02,.182,-8.55,62.44,-14.43,.175,10.05,9.97,277,7.3,13.11,13.08,276.1,4.289,13.15,13.12,278.2,4.254,14.25,14.23,275.9,3.429,100.93,1,0,8001,12431,71,85,85,0,25.74,237,-8.44,-13.28,.299,.193,64.63,0,0,0,0,0,0,0,0,0,0,0,0,0,0,0,0,13.37,0,0,0,0,9.2,16.8,8.1
100,2013,309,1738,-8.7,70.6,-13.08,.198,-8.45,60.8,-14.66,.171,-8.38,62.37,-14.28,.177,-8.56,60.78,-14.77,.17,8.98,8.89,273.6,7.74,12.94,12.9,271.8,4.279,14,13.95,274.9,4.785,14.61,14.59,271.7,3.051,100.93,1,0,7265,12319,71,85,85,0,25.74,237,-8.44,-13.11,.299,.196,65.62,0,0,0,0,0,0,0,0,0,0,0,0,0,0,0,0,13.37,0,0,0,0,9.15,16.8,8.4
100,2013,309,1739,-8.77,70.9,-13.09,.198,-8.48,61.1,-14.63,.172,-8.39,62.96,-14.18,.179,-8.57,61.99,-14.54,.173,8.23,8.16,269.6,7.54,12.79,12.77,271.5,3.115,13.55,13.52,274,3.433,14.09,14.06,271.1,3.406,100.94,1,0,7731,11295,0,85,85,0,25.74,237,-8.5,-13.11,.298,.196,65.94,0,.045,.015,0,.005,.155,.035,.001,0,.365,.07,.001,.01,.145,.04,.001,13.38,0,0,0,0,9.1,16.7,8.4
100,2013,309,1740,-8.79,69.84,-13.29,.194,-8.5,59.78,-14.91,.167,-8.43,61.71,-14.46,.174,-8.61,60.63,-14.85,.168,9.12,9.09,271.2,4.54,13.24,13.22,272.7,3.496,13.44,13.42,275.9,2.508,14.07,14.07,273,1.764,100.95,1,0,6735,10142,0,85,85,0,25.74,237,-8.61,-13.33,.295,.192,65.25,0,0,0,0,0,0,0,0,0,0,0,0,0,0,0,0,13.37,0,0,0,0,9.06,16.5,8
100,2013,309,1741,-8.86,69.06,-13.5,.19,-8.56,59.23,-15.08,.165,-8.49,60.7,-14.72,.17,-8.68,59.75,-15.08,.165,7.77,7.72,273.4,7.02,11.33,11.31,274.4,3.48,11.74,11.73,276.3,2.576,12.54,12.53,272.9,2.183,100.96,1,0,14285,10620,0,85,85,0,25.74,237,-8.72,-13.39,.292,.191,65.55,0,0,0,0,0,0,0,0,0,0,0,0,0,0,0,0,13.37,0,0,0,0,9.02,16.3,7.9
100,2013,309,1742,-8.91,70.5,-13.3,.194,-8.62,61.45,-14.7,.171,-8.52,63.61,-14.18,.179,-8.68,62.07,-14.63,.172,7.07,7.04,273.9,5.393,10.73,10.68,274.9,5.608,11.85,11.82,275.6,3.794,13.3,13.28,272.7,3.373,100.95,1,0,20000,10985,0,85,85,0,25.74,237,-8.5,-13.39,.298,.191,64.29,0,0,0,0,0,0,0,0,0,0,0,0,0,0,0,0,13.37,0,0,0,0,8.98,16.7,7.9
100,2013,309,1743,-8.84,71,-13.15,.197,-8.56,61.29,-14.67,.171,-8.49,63.18,-14.23,.178,-8.67,61.88,-14.66,.171,9.92,9.88,272.5,4.731,14.01,13.98,271.1,3.501,14.74,14.72,272.8,2.668,15.39,15.37,270.5,2.805,100.95,1,0,5842,9769,0,85,85,0,25.74,237,-8.61,-13.39,.295,.191,64.92,0,0,0,0,0,0,0,0,0,0,0,0,0,0,0,0,13.37,0,0,0,0,8.94,16.5,7.9
100,2013,309,1744,-8.84,69.38,-13.42,.192,-8.56,59.35,-15.06,.165,-8.5,61.52,-14.57,.173,-8.71,60.75,-14.92,.167,8.96,8.93,272.9,4.909,12.95,12.94,273.9,1.674,12.75,12.75,275.6,1.676,13.18,13.18,272,1.143,100.96,1,0,15471,9642,0,85,85,0,25.74,237,-8.5,-13.33,.298,.192,64.61,0,0,0,0,0,0,0,0,0,0,0,0,0,0,0,0,13.38,0,0,0,0,8.89,16.7,8
100,2013,309,1745,-8.8,69.32,-13.39,.192,-8.54,59.86,-14.94,.167,-8.5,61.92,-14.49,.174,-8.71,61.46,-14.78,.169,8.44,8.41,277.6,5.076,11.56,11.53,278,4.131,11.58,11.56,281.1,3.417,12.46,12.45,277.4,2.492,100.96,1,0,20000,9622,0,85,85,0,25.74,237,-8.56,-13.33,.296,.192,64.93,.01,.36,.055,.001,.015,.18,.02,0,0,.45,.09,.001,.005,.335,.065,.001,13.38,0,0,0,0,8.85,16.6,8
100,2013,309,1746,-8.76,68.38,-13.52,.19,-8.49,59.04,-15.05,.165,-8.45,61.74,-14.47,.174,-8.68,61.36,-14.77,.17,8,7.96,277.3,5.87,10.79,10.75,278.1,4.701,10.84,10.82,280,3.795,11.69,11.67,276.9,3.037,100.95,1,0,20000,10424,0,85,85,0,25.74,237,-8.44,-13.33,.299,.192,64.3,0,0,0,0,0,0,0,0,0,0,0,0,0,0,0,0,13.38,0,0,0,0,8.81,16.8,8
100,2013,309,1747,-8.69,68.61,-13.41,.192,-8.5,60.94,-14.68,.171,-8.45,63.49,-14.13,.18,-8.65,62.54,-14.51,.174,7.65,7.62,278.1,5.303,9.65,9.62,279.4,4.399,10.22,10.18,281.7,5.06,11.62,11.57,278.2,5.349,100.96,1,0,20000,11627,71,85,85,0,25.74,237,-8.44,-13.33,.299,.192,64.3,0,0,0,0,0,0,0,0,0,0,0,0,0,0,0,0,13.38,0,0,0,0,8.77,16.8,8
100,2013,309,1748,-8.71,68.24,-13.5,.19,-8.53,60.14,-14.87,.168,-8.5,62.63,-14.35,.176,-8.7,62.26,-14.61,.172,9.3,9.28,283.5,4.317,10.91,10.89,281,3.457,11.04,11.02,283,3.402,11.73,11.72,279,2.49,100.97,1,0,20000,13318,71,85,85,0,25.74,237,-8.56,-13.44,.296,.191,64.27,.009,.423,.086,.001,.012,.328,.077,.001,.008,.192,.047,.001,.016,.129,.029,0,13.38,0,0,0,0,8.73,16.6,7.8
100,2013,309,1749,-8.73,70.4,-13.14,.197,-8.5,61.71,-14.53,.173,-8.47,64.93,-13.88,.184,-8.68,64.38,-14.19,.179,7.15,7.13,275.5,4.858,9.88,9.87,276.1,3.105,10.01,10,278.4,3.226,10.68,10.65,275,4.019,100.96,1,0,20000,15457,71,85,85,0,25.74,237,-8.39,-13.28,.301,.193,64.31,0,0,0,0,0,0,0,0,0,0,0,0,0,0,0,0,13.38,0,0,0,0,8.69,16.9,8.1
100,2013,309,1750,-8.65,70.8,-12.99,.199,-8.42,61.88,-14.42,.175,-8.38,64.84,-13.81,.185,-8.6,64.34,-14.11,.18,8.9,8.87,276.9,4.565,12.1,12.07,275.7,3.741,12.59,12.57,278.6,2.994,13.73,13.71,276.8,3.143,100.97,1,0,13881,17528,71,85,85,0,25.74,237,-8.44,-13.28,.299,.193,64.63,.008,.536,.098,.002,.008,.866,.171,.003,.012,.893,.166,.003,.013,.466,.083,.001,13.39,0,0,0,0,8.66,16.8,8.1
100,2013,309,1751,-8.68,71.6,-12.88,.201,-8.41,61.51,-14.48,.174,-8.36,63.59,-14.03,.181,-8.58,62.71,-14.41,.175,8.98,8.95,268.8,4.884,13.91,13.9,269.4,2.61,14.79,14.77,270.7,2.976,14.96,14.94,269.9,2.315,100.97,1,0,7808,15909,0,85,85,0,25.74,237,-8.5,-13.11,.298,.196,65.94,0,0,0,0,0,0,0,0,0,0,0,0,0,0,0,0,13.38,0,0,0,0,8.62,16.7,8.4
100,2013,309,1752,-8.75,71.4,-12.98,.2,-8.46,60.95,-14.64,.171,-8.41,63.37,-14.11,.18,-8.62,62.99,-14.39,.176,8.11,8.07,267.7,5.808,11.66,11.65,267.3,2.1,12.47,12.45,271.1,2.701,13.38,13.37,270,2.608,100.97,1,0,11274,14835,0,85,85,0,25.74,237,-8.44,-12.94,.299,.199,66.62,0,0,0,0,0,0,0,0,0,0,0,0,0,0,0,0,13.38,0,0,0,0,8.58,16.8,8.7
100,2013,309,1753,-8.59,72.1,-12.7,.205,-8.37,62.85,-14.18,.179,-8.31,66.08,-13.51,.19,-8.53,65.55,-13.82,.185,9.32,9.27,270.6,5.859,12.91,12.89,272.7,3.387,13.17,13.15,274.9,2.742,14.09,14.06,271.6,3.314,100.96,1,0,7638,15777,0,85,85,0,25.74,237,-8.28,-12.94,.304,.199,65.66,0,0,0,0,0,0,0,0,0,0,0,0,0,0,0,0,13.38,0,0,0,0,8.54,17.1,8.7
100,2013,309,1754,-8.55,73.5,-12.42,.21,-8.32,64.07,-13.89,.184,-8.27,66.94,-13.31,.194,-8.48,64.73,-13.93,.183,7.38,7.34,269.3,6.57,12.23,12.21,266.6,3.495,12.76,12.72,267.8,4.42,13.3,13.27,265.5,3.928,100.97,1,0,11617,15261,0,85,85,0,25.74,237,-8.39,-12.61,.301,.206,68.34,.029,.976,.177,.003,.012,1.439,.285,.005,.012,1.387,.268,.005,.005,.811,.153,.003,13.39,0,0,0,0,8.5,16.9,9.3
100,2013,309,1755,-8.59,72,-12.72,.204,-8.34,62.12,-14.3,.177,-8.29,64.86,-13.72,.187,-8.49,64.46,-13.99,.182,8.53,8.49,272,5.659,11.71,11.69,271,3.548,12.09,12.08,273.4,2.229,12.86,12.85,271.1,2.191,100.97,1,0,12812,14402,71,85,85,.01,25.74,237,-8.39,-12.61,.301,.206,68.34,.01,.3,.04,.001,.005,.03,0,0,.015,.145,.015,0,.005,.3,.065,.001,13.4,0,0,0,0,8.47,16.9,9.3
100,2013,309,1756,-8.57,71.7,-12.76,.204,-8.33,62.29,-14.26,.178,-8.27,64.85,-13.7,.187,-8.46,63.91,-14.07,.181,8.83,8.79,269.8,4.963,13.55,13.54,270,2.194,13.84,13.82,273.4,3.393,15.18,15.17,269.7,2.228,100.97,1,0,8950,12900,71,85,85,0,25.74,237,-8.5,-12.72,.298,.203,68.32,0,0,0,0,0,0,0,0,0,0,0,0,0,0,0,0,13.39,0,0,0,0,8.43,16.7,9.1
100,2013,309,1757,-8.7,71.7,-12.88,.201,-8.41,61.3,-14.52,.173,-8.34,63.31,-14.06,.181,-8.51,62.15,-14.46,.174,9.28,9.24,272,5.375,14.41,14.4,270.5,1.868,14.75,14.74,272.2,2.36,15.5,15.49,268.7,2.609,100.98,1,0,4293,10179,71,85,85,0,25.74,237,-8.44,-12.94,.299,.199,66.62,0,0,0,0,0,0,0,0,0,0,0,0,0,0,0,0,13.39,0,0,0,0,8.39,16.8,8.7
100,2013,309,1758,-8.72,70.6,-13.09,.198,-8.43,60.12,-14.78,.169,-8.38,62.13,-14.33,.176,-8.59,60.53,-14.85,.168,8.89,8.86,270,4.632,13.04,13,268.5,4,13.9,13.88,270.8,2.357,14.79,14.78,267.5,2.151,100.98,1,0,7424,9186,0,85,85,0,25.74,237,-8.56,-12.94,.296,.199,67.28,0,0,0,0,0,0,0,0,0,0,0,0,0,0,0,0,13.39,0,0,0,0,8.36,16.6,8.7
100,2013,309,1759,-8.74,70.3,-13.17,.196,-8.47,60.58,-14.72,.17,-8.42,62.84,-14.23,.178,-8.63,61.49,-14.7,.171,8.74,8.72,269.9,3.946,12.38,12.36,270.7,3.075,12.94,12.91,272.2,3.693,13.67,13.65,269.4,2.943,100.98,1,0,10528,8634,10,85,85,0,25.74,237,-8.44,-13.17,.299,.195,65.29,0,0,0,0,0,0,0,0,0,0,0,0,0,0,0,0,13.39,0,0,0,0,8.32,16.8,8.3
