0 1 020 4.16 06 06 09
0 2 13 10 29 192.015 156.630 290.000   0.030   0.012 0.00164 0.00217 1   14   50  500 3.00
0 3 1000 1000 1000 0100 0010  19.350  23.400  30.150  41.850  90.000 138.150 149.850 156.600 160.650  90.000 180.000   0.998   0.100
0 4 1000 1000 1000 0100 0001  90.000 180.000
0 5  0.2127E-01 0.2119E+02 -.1264E+02 0.60048E-01 -.1420E-01 -.1135E+00 0.5016E+00 0.21651E-02 255.160 253.165   2.750
0 6 0000   1.000 223.150
1 13 10 30 12 00 40 00    1    0 305.81 306.94 273.54 264.77 191.52 156.44 464849 559811 565461 652746
2    1 13 10 30 12 00 40 00   0.366   0.0058  14.18  15.06  -1.00 328705 406581
1 13 10 30 12 01 00 00    1    0 305.81 306.93 273.54 264.83 191.52 156.44 464760 559795 565526 652729
2    1 13 10 30 12 01 00 00   0.386   0.0058  14.44  15.11  -1.00 328745 406597
1 13 10 30 12 01 20 00    1    0 305.81 306.93 273.54 264.79 191.52 156.44 464808 559803 565526 652665
2    1 13 10 30 12 01 20 00   0.375   0.0065  14.52  15.44  -1.00 328834 406807
1 13 10 30 12 01 40 00    1    0 305.81 306.93 273.54 264.75 191.52 156.44 464849 559820 565550 652770
2    1 13 10 30 12 01 40 00   0.369   0.0067  14.51  15.56  -1.00 328874 406896
1 13 10 30 12 02 00 00    1    0 305.80 306.92 273.54 264.76 191.52 156.44 464816 559836 565607 652665
2    1 13 10 30 12 02 00 00   0.374   0.0062  14.40  15.28  -1.00 328777 406751
1 13 10 30 12 02 20 00    1    0 305.80 306.92 273.54 264.73 191.52 156.44 464776 559739 565566 652721
2    1 13 10 30 12 02 20 00   0.378   0.0063  14.49  15.35  -1.00 328777 406694
1 13 10 30 12 02 40 00    1    0 305.81 306.92 273.53 264.69 191.52 156.44 464727 559731 565558 652705
2    1 13 10 30 12 02 40 00   0.373   0.0052  14.07  14.75  -1.00 328503 406330
1 13 10 30 12 03 00 00    1    0 305.81 306.92 273.53 264.75 191.52 156.44 464760 559634 565421 652584
2    1 13 10 30 12 03 00 00   0.368   0.0045  13.78  14.36  -1.00 328389 405999
1 13 10 30 12 03 20 00    1    0 305.81 306.93 273.53 264.69 191.52 156.44 464727 559658 565542 652616
2    1 13 10 30 12 03 20 00   0.377   0.0054  14.18  14.85  -1.00 328559 406314
1 13 10 30 12 03 40 00    1    0 305.81 306.93 273.53 264.74 191.52 156.44 464727 559739 565445 652705
2    1 13 10 30 12 03 40 00   0.383   0.0059  14.42  15.14  -1.00 328688 406565
1 13 10 30 12 04 00 00    1    0 305.81 306.93 273.53 264.68 191.52 156.44 464776 559811 565534 652762
2    1 13 10 30 12 04 00 00   0.390   0.0053  14.32  14.84  -1.00 328680 406460
1 13 10 30 12 04 20 00    1    0 305.81 306.93 273.53 264.68 191.52 156.44 464719 559779 565534 652729
2    1 13 10 30 12 04 20 00   0.392   0.0051  14.27  14.72  -1.00 328591 406354
1 13 10 30 12 04 40 00    1    0 305.82 306.93 273.52 264.64 191.52 156.44 464735 559779 565494 652705
2    1 13 10 30 12 04 40 00   0.382   0.0050  14.13  14.67  -1.00 328535 406330
1 13 10 30 12 05 00 00    1    0 305.82 306.93 273.53 264.67 191.52 156.44 464776 559714 565526 652600
2    1 13 10 30 12 05 00 00   0.374   0.0085  15.17  16.54  -1.00 329117 407373
1 13 10 30 12 05 20 00    1    0 305.82 306.93 273.52 264.61 191.52 156.44 464816 559747 565542 652721
2    1 13 10 30 12 05 20 00   0.387   0.0078  15.12  16.21  -1.00 329133 407211
1 13 10 30 12 05 40 00    1    0 305.82 306.93 273.52 264.57 191.52 156.44 464832 559755 565469 652746
2    1 13 10 30 12 05 40 00   0.379   0.0092  15.46  16.94  -1.00 329335 407648
1 13 10 30 12 06 00 00    1    0 305.82 306.94 273.52 264.57 191.52 156.44 464808 559755 565477 652754
2    1 13 10 30 12 06 00 00   0.381   0.0088  15.36  16.73  -1.00 329262 407518
1 13 10 30 12 06 20 00    1    0 305.82 306.93 273.52 264.58 191.52 156.44 464808 559795 565510 652649
2    1 13 10 30 12 06 20 00   0.391   0.0094  15.69  17.10  -1.00 329440 407785
1 13 10 30 12 06 40 00    1    0 305.82 306.94 273.52 264.55 191.52 156.44 464865 559852 565542 652721
2    1 13 10 30 12 06 40 00   0.379   0.0085  15.23  16.54  -1.00 329254 407518
1 13 10 30 12 07 00 00    1    0 305.81 306.94 273.52 264.56 191.52 156.44 464816 559771 565502 652721
2    1 13 10 30 12 07 00 00   0.382   0.0102  15.84  17.50  -1.00 329529 408003
1 13 10 30 12 07 20 00    1    0 305.82 306.94 273.51 264.54 191.52 156.44 464760 559779 565461 652729
2    1 13 10 30 12 07 20 00   0.389   0.0104  15.98  17.61  -1.00 329553 408076
1 13 10 30 12 07 40 00    1    0 305.81 306.94 273.51 264.53 191.52 156.44 464719 559747 565526 652681
2    1 13 10 30 12 07 40 00   0.395   0.0095  15.78  17.17  -1.00 329400 407785
1 13 10 30 12 08 00 00    1    0 305.82 306.94 273.51 264.43 191.52 156.44 464792 559723 565453 652689
2    1 13 10 30 12 08 00 00   0.381   0.0075  14.91  16.00  -1.00 329020 407066
1 13 10 30 12 08 20 00    1    0 305.82 306.94 273.51 264.42 191.52 156.44 464727 559650 565413 652689
2    1 13 10 30 12 08 20 00   0.382   0.0097  15.66  17.21  -1.00 329351 407704
1 13 10 30 12 08 40 00    1    0 305.81 306.94 273.51 264.40 191.52 156.44 464744 559674 565397 652705
2    1 13 10 30 12 08 40 00   0.380   0.0105  15.92  17.66  -1.00 329505 407987
1 13 10 30 12 09 00 00    1    0 305.81 306.94 273.51 264.38 191.52 156.44 464744 559682 565461 652649
2    1 13 10 30 12 09 00 00   0.382   0.0075  14.94  16.02  -1.00 328996 407025
1 13 10 30 12 09 20 00    1    0 305.81 306.94 273.51 264.36 191.52 156.44 464776 559771 565494 652673
2    1 13 10 30 12 09 20 00   0.381   0.0089  15.40  16.81  -1.00 329270 407583
1 13 10 30 12 09 40 00    1    0 305.81 306.94 273.51 264.34 191.52 156.44 464776 559706 565453 652713
2    1 13 10 30 12 09 40 00   0.378   0.0108  15.98  17.83  -1.00 329578 408117
1 13 10 30 12 10 00 00    1    0 305.81 306.94 273.51 264.33 191.52 156.44 464800 559771 565469 652762
2    1 13 10 30 12 10 00 00   0.383   0.0097  15.67  17.20  -1.00 329440 407809
1 13 10 30 12 10 20 00    1    0 305.82 306.95 273.51 264.32 191.52 156.44 464776 559771 565494 652721
2    1 13 10 30 12 10 20 00   0.378   0.0090  15.38  16.81  -1.00 329262 407575
1 13 10 30 12 10 40 00    1    0 305.81 306.95 273.50 264.34 191.52 156.44 464816 559836 565494 652665
2    1 13 10 30 12 10 40 00   0.384   0.0090  15.45  16.83  -1.00 329343 407664
1 13 10 30 12 11 00 00    1    0 305.81 306.95 273.50 264.35 191.52 156.44 464768 559771 565477 652689
2    1 13 10 30 12 11 00 00   0.381   0.0090  15.43  16.85  -1.00 329287 407615
1 13 10 30 12 11 20 00    1    0 305.82 306.95 273.50 264.35 191.52 156.44 464784 559698 565461 652665
2    1 13 10 30 12 11 20 00   0.362   0.0086  15.03  16.54  -1.00 329093 407357
1 13 10 30 12 11 40 00    1    0 305.82 306.95 273.50 264.34 191.52 156.44 464768 559739 565413 652632
2    1 13 10 30 12 11 40 00   0.381   0.0087  15.31  16.65  -1.00 329230 407470
1 13 10 30 12 12 00 00    1    0 305.82 306.95 273.50 264.31 191.52 156.44 464719 559723 565429 652705
2    1 13 10 30 12 12 00 00   0.384   0.0085  15.31  16.59  -1.00 329181 407413
1 13 10 30 12 12 20 00    1    0 305.82 306.95 273.50 264.31 191.52 156.44 464744 559731 565453 652738
2    1 13 10 30 12 12 20 00   0.376   0.0082  15.08  16.37  -1.00 329085 407284
1 13 10 30 12 12 40 00    1    0 305.82 306.95 273.50 264.32 191.52 156.44 464727 559723 565477 652673
2    1 13 10 30 12 12 40 00   0.383   0.0090  15.44  16.83  -1.00 329254 407551
1 13 10 30 12 13 00 00    1    0 305.82 306.95 273.50 264.29 191.52 156.44 464744 559698 565445 652689
2    1 13 10 30 12 13 00 00   0.387   0.0076  15.05  16.12  -1.00 329068 407098
1 13 10 30 12 13 20 00    1    0 305.82 306.95 273.49 264.32 191.52 156.44 464727 559755 565397 652689
2    1 13 10 30 12 13 20 00   0.385   0.0097  15.69  17.21  -1.00 329392 407809
1 13 10 30 12 13 40 00    1    0 305.82 306.96 273.50 264.42 191.52 156.44 464776 559698 565494 652649
2    1 13 10 30 12 13 40 00   0.379   0.0107  15.94  17.73  -1.00 329570 408060
1 13 10 30 12 14 00 00    1    0 305.82 306.95 273.49 264.41 191.52 156.43 464735 559763 565397 652689
2    1 13 10 30 12 14 00 00   0.388   0.0100  15.84  17.40  -1.00 329481 407931
1 13 10 30 12 14 20 00    1    0 305.82 306.95 273.49 264.44 191.52 156.43 464711 559650 565445 652560
2    1 13 10 30 12 14 20 00   0.373   0.0096  15.52  17.14  -1.00 329287 407672
1 13 10 30 12 14 40 00    1    0 305.82 306.95 273.49 264.40 191.52 156.43 464719 559666 565405 652624
2    1 13 10 30 12 14 40 00   0.378   0.0085  15.23  16.58  -1.00 329149 407357
1 13 10 30 12 15 00 00    1    0 305.82 306.95 273.49 264.36 191.52 156.43 464727 559674 565413 652665
2    1 13 10 30 12 15 00 00   0.372   0.0085  15.12  16.52  -1.00 329101 407324
1 13 10 30 12 15 20 00    1    0 305.81 306.95 273.48 264.39 191.52 156.43 464760 559739 565542 652738
2    1 13 10 30 12 15 20 00   0.379   0.0080  15.08  16.31  -1.00 329109 407260
1 13 10 30 12 15 40 00    1    0 305.82 306.95 273.48 264.37 191.52 156.43 464687 559690 565477 652624
2    1 13 10 30 12 15 40 00   0.378   0.0095  15.55  17.10  -1.00 329278 407688
1 13 10 30 12 16 00 00    1    0 305.82 306.95 273.48 264.36 191.52 156.43 464784 559771 565453 652770
2    1 13 10 30 12 16 00 00   0.378   0.0085  15.22  16.55  -1.00 329206 407438
1 13 10 30 12 16 20 00    1    0 305.82 306.95 273.48 264.38 191.52 156.43 464744 559811 565388 652697
2    1 13 10 30 12 16 20 00   0.390   0.0067  14.80  15.63  -1.00 328947 406937
1 13 10 30 12 16 40 00    1    0 305.81 306.95 273.47 264.36 191.52 156.43 464735 559779 565413 652705
2    1 13 10 30 12 16 40 00   0.388   0.0058  14.45  15.09  -1.00 328761 406589
1 13 10 30 12 17 00 00    1    0 305.82 306.95 273.47 264.38 191.52 156.43 464776 559739 565461 652681
2    1 13 10 30 12 17 00 00   0.357   0.0062  14.17  15.22  -1.00 328656 406629
1 13 10 30 12 17 20 00    1    0 305.82 306.95 273.47 264.47 191.52 156.43 464703 559747 565469 652632
2    1 13 10 30 12 17 20 00   0.385   0.0054  14.29  14.87  -1.00 328640 406435
1 13 10 30 12 17 40 00    1    0 305.81 306.95 273.47 264.55 191.52 156.43 464727 559682 565421 652632
2    1 13 10 30 12 17 40 00   0.371   0.0071  14.68  15.80  -1.00 328874 406920
1 13 10 30 12 18 00 00    1    0 305.82 306.95 273.47 264.58 191.52 156.43 464703 559650 565453 652608
2    1 13 10 30 12 18 00 00   0.374   0.0081  15.03  16.32  -1.00 329028 407195
1 13 10 30 12 18 20 00    1    0 305.82 306.95 273.46 264.65 191.52 156.43 464679 559763 565421 652641
2    1 13 10 30 12 18 20 00   0.386   0.0073  14.93  15.92  -1.00 328955 407082
1 13 10 30 12 18 40 00    1    0 305.81 306.95 273.45 264.68 191.52 156.43 464711 559617 565397 652649
2    1 13 10 30 12 18 40 00   0.372   0.0061  14.34  15.20  -1.00 328680 406508
1 13 10 30 12 19 00 00    1    0 305.81 306.95 273.45 264.53 191.52 156.43 464638 559650 565397 652600
2    1 13 10 30 12 19 00 00   0.382   0.0053  14.23  14.84  -1.00 328551 406330
1 13 10 30 12 19 20 00    1    0 305.82 306.95 273.45 264.51 191.52 156.43 464735 559682 565372 652600
2    1 13 10 30 12 19 20 00   0.374   0.0071  14.70  15.77  -1.00 328899 406912
1 13 10 30 12 19 40 00    1    0 305.82 306.95 273.45 264.47 191.52 156.43 464719 559674 565300 652592
2    1 13 10 30 12 19 40 00   0.378   0.0073  14.83  15.92  -1.00 328963 407001
1 13 10 30 12 20 00 00    1    0 305.81 306.95 273.45 264.44 191.52 156.43 464622 559626 565364 652608
2    1 13 10 30 12 20 00 00   0.387   0.0094  15.63  17.06  -1.00 329279 407624
1 13 10 30 12 20 20 00    1    0 305.81 306.95 273.44 264.44 191.52 156.43 464719 559674 565397 652576
2    1 13 10 30 12 20 20 00   0.373   0.0108  15.92  17.81  -1.00 329537 408125
1 13 10 30 12 20 40 00    1    0 305.82 306.95 273.44 264.44 191.52 156.43 464735 559642 565380 652608
2    1 13 10 30 12 20 40 00   0.370   0.0106  15.81  17.68  -1.00 329497 408011
1 13 10 30 12 21 00 00    1    0 305.82 306.95 273.44 264.42 191.52 156.43 464687 559706 565388 652584
2    1 13 10 30 12 21 00 00   0.379   0.0097  15.64  17.22  -1.00 329359 407809
1 13 10 30 12 21 20 00    1    0 305.81 306.95 273.43 264.40 191.52 156.43 464727 559658 565437 652568
2    1 13 10 30 12 21 20 00   0.377   0.0097  15.61  17.21  -1.00 329384 407761
1 13 10 30 12 21 40 00    1    0 305.81 306.95 273.43 264.40 191.52 156.43 464752 559714 565388 652665
2    1 13 10 30 12 21 40 00   0.369   0.0082  14.99  16.35  -1.00 329093 407308
1 13 10 30 12 22 00 00    1    0 305.81 306.95 273.43 264.42 191.52 156.43 464735 559690 565453 652673
2    1 13 10 30 12 22 00 00   0.370   0.0092  15.35  16.92  -1.00 329262 407615
1 13 10 30 12 22 20 00    1    0 305.82 306.95 273.43 264.39 191.52 156.43 464695 559626 565356 652576
2    1 13 10 30 12 22 20 00   0.374   0.0092  15.39  16.91  -1.00 329246 407551
1 13 10 30 12 22 40 00    1    0 305.81 306.95 273.43 264.41 191.52 156.43 464638 559658 565340 652560
2    1 13 10 30 12 22 40 00   0.385   0.0081  15.19  16.37  -1.00 329085 407268
1 13 10 30 12 23 00 00    1    0 305.81 306.95 273.42 264.44 191.52 156.43 464679 559650 565372 652584
2    1 13 10 30 12 23 00 00   0.378   0.0084  15.20  16.52  -1.00 329133 407349
1 13 10 30 12 23 20 00    1    0 305.81 306.95 273.42 264.42 191.52 156.43 464752 559642 565356 652649
2    1 13 10 30 12 23 20 00   0.359   0.0086  15.00  16.56  -1.00 329109 407357
1 13 10 30 12 23 40 00    1    0 305.82 306.95 273.42 264.44 191.52 156.43 464703 559723 565356 652616
2    1 13 10 30 12 23 40 00   0.389   0.0071  14.92  15.85  -1.00 329020 407025
1 13 10 30 12 24 00 00    1    0 305.82 306.95 273.42 264.44 191.52 156.43 464703 559731 565324 652592
2    1 13 10 30 12 24 00 00   0.369   0.0076  14.79  16.02  -1.00 328955 407139
1 13 10 30 12 24 20 00    1    0 305.82 306.96 273.42 264.40 191.52 156.43 464719 559617 565388 652600
2    1 13 10 30 12 24 20 00   0.357   0.0079  14.74  16.16  -1.00 328947 407106
1 13 10 30 12 24 40 00    1    0 305.82 306.95 273.42 264.39 191.52 156.43 464695 559577 565405 652535
2    1 13 10 30 12 24 40 00   0.360   0.0073  14.60  15.87  -1.00 328850 406896
1 13 10 30 12 25 00 00    1    0 305.82 306.95 273.42 264.45 191.52 156.43 464646 559609 565340 652576
2    1 13 10 30 12 25 00 00   0.378   0.0072  14.78  15.83  -1.00 328891 406896
1 13 10 30 12 25 20 00    1    0 305.82 306.95 273.42 264.60 191.52 156.43 464663 559561 565308 652552
2    1 13 10 30 12 25 20 00   0.362   0.0069  14.49  15.64  -1.00 328761 406734
1 13 10 30 12 25 40 00    1    0 305.81 306.95 273.41 264.68 191.52 156.43 464735 559609 565308 652624
2    1 13 10 30 12 25 40 00   0.355   0.0062  14.16  15.24  -1.00 328672 406540
1 13 10 30 12 26 00 00    1    0 305.81 306.95 273.41 264.73 191.52 156.43 464679 559658 565437 652568
2    1 13 10 30 12 26 00 00   0.371   0.0067  14.52  15.54  -1.00 328802 406775
1 13 10 30 12 26 20 00    1    0 305.82 306.95 273.41 264.72 191.52 156.43 464752 559634 565356 652665
2    1 13 10 30 12 26 20 00   0.357   0.0067  14.34  15.50  -1.00 328785 406718
1 13 10 30 12 26 40 00    1    0 305.82 306.95 273.41 264.71 191.52 156.43 464695 559617 565380 652697
2    1 13 10 30 12 26 40 00   0.361   0.0069  14.47  15.63  -1.00 328794 406767
1 13 10 30 12 27 00 00    1    0 305.82 306.94 273.41 264.69 191.52 156.43 464638 559609 565397 652600
2    1 13 10 30 12 27 00 00   0.369   0.0081  14.97  16.31  -1.00 328996 407163
1 13 10 30 12 27 20 00    1    0 305.82 306.94 273.41 264.67 191.52 156.43 464655 559739 565413 652689
2    1 13 10 30 12 27 20 00   0.380   0.0069  14.73  15.71  -1.00 328882 406936
1 13 10 30 12 27 40 00    1    0 305.82 306.94 273.40 264.66 191.52 156.43 464679 559674 565445 652608
2    1 13 10 30 12 27 40 00   0.378   0.0059  14.35  15.11  -1.00 328705 406524
1 13 10 30 12 28 00 00    1    0 305.82 306.94 273.40 264.69 191.52 156.43 464703 559593 565340 652616
2    1 13 10 30 12 28 00 00   0.347   0.0054  13.81  14.80  -1.00 328446 406249
1 13 10 30 12 28 20 00    1    0 305.82 306.93 273.40 264.71 191.52 156.43 464703 559723 565445 652600
2    1 13 10 30 12 28 20 00   0.369   0.0047  13.83  14.43  -1.00 328454 406169
1 13 10 30 12 28 40 00    1    0 305.82 306.94 273.40 264.68 191.52 156.43 464687 559650 565364 652584
2    1 13 10 30 12 28 40 00   0.359   0.0058  14.07  15.01  -1.00 328567 406443
1 13 10 30 12 29 00 00    1    0 305.82 306.93 273.41 264.71 191.52 156.43 464663 559634 565405 652721
2    1 13 10 30 12 29 00 00   0.362   0.0063  14.28  15.31  -1.00 328648 406589
1 13 10 30 12 29 20 00    1    0 305.82 306.93 273.40 264.75 191.52 156.43 464695 559682 565421 652576
2    1 13 10 30 12 29 20 00   0.369   0.0071  14.62  15.74  -1.00 328858 406904
1 13 10 30 12 29 40 00    1    0 305.82 306.93 273.40 264.79 191.52 156.43 464711 559626 565372 652600
2    1 13 10 30 12 29 40 00   0.359   0.0075  14.63  15.95  -1.00 328882 406969
1 13 10 30 12 30 00 00    1    0 305.81 306.93 273.40 264.88 191.52 156.43 464719 559682 565364 652616
2    1 13 10 30 12 30 00 00   0.368   0.0073  14.69  15.86  -1.00 328923 406977
1 13 10 30 12 30 20 00    1    0 305.81 306.93 273.40 264.94 191.52 156.43 464711 559642 565413 652600
2    1 13 10 30 12 30 20 00   0.360   0.0079  14.78  16.17  -1.00 328963 407122
1 13 10 30 12 30 40 00    1    0 305.81 306.93 273.40 264.97 191.52 156.43 464744 559723 565429 652608
2    1 13 10 30 12 30 40 00   0.375   0.0081  15.05  16.34  -1.00 329141 407308
1 13 10 30 12 31 00 00    1    0 305.81 306.92 273.40 264.92 191.52 156.43 464695 559682 565405 652713
2    1 13 10 30 12 31 00 00   0.365   0.0058  14.16  15.06  -1.00 328624 406500
1 13 10 30 12 31 20 00    1    0 305.82 306.92 273.40 264.84 191.52 156.43 464735 559690 565453 652641
2    1 13 10 30 12 31 20 00   0.360   0.0052  13.89  14.70  -1.00 328519 406298
1 13 10 30 12 31 40 00    1    0 305.81 306.92 273.39 264.79 191.52 156.43 464719 559650 565372 652568
2    1 13 10 30 12 31 40 00   0.366   0.0043  13.68  14.24  -1.00 328398 405991
1 13 10 30 12 32 00 00    1    0 305.81 306.92 273.39 264.87 191.52 156.43 464727 559706 565445 652705
2    1 13 10 30 12 32 00 00   0.358   0.0062  14.21  15.26  -1.00 328680 406645
1 13 10 30 12 32 20 00    1    0 305.81 306.91 273.39 264.88 191.52 156.43 464687 559706 565380 652632
2    1 13 10 30 12 32 20 00   0.374   0.0061  14.38  15.24  -1.00 328729 406637
1 13 10 30 12 32 40 00    1    0 305.81 306.92 273.39 264.89 191.52 156.43 464703 559674 565445 652560
2    1 13 10 30 12 32 40 00   0.380   0.0054  14.21  14.86  -1.00 328656 406387
1 13 10 30 12 33 00 00    1    0 305.81 306.91 273.39 264.81 191.52 156.43 464671 559706 565388 652600
2    1 13 10 30 12 33 00 00   0.373   0.0058  14.28  15.09  -1.00 328656 406557
1 13 10 30 12 33 20 00    1    0 305.81 306.91 273.39 264.92 191.52 156.43 464646 559569 565453 652689
2    1 13 10 30 12 33 20 00   0.368   0.0075  14.76  15.98  -1.00 328874 406936
1 13 10 30 12 33 40 00    1    0 305.81 306.91 273.39 264.96 191.52 156.43 464646 559682 565397 652600
2    1 13 10 30 12 33 40 00   0.387   0.0060  14.52  15.23  -1.00 328745 406605
1 13 10 30 12 34 00 00    1    0 305.81 306.91 273.39 264.93 191.52 156.43 464744 559626 565413 652552
2    1 13 10 30 12 34 00 00   0.351   0.0058  13.97  14.99  -1.00 328559 406411
1 13 10 30 12 34 20 00    1    0 305.82 306.91 273.39 264.88 191.52 156.43 464744 559731 565397 652641
2    1 13 10 30 12 34 20 00   0.364   0.0062  14.27  15.26  -1.00 328721 406678
1 13 10 30 12 34 40 00    1    0 305.81 306.91 273.39 264.87 191.52 156.43 464744 559690 565461 652576
2    1 13 10 30 12 34 40 00   0.365   0.0065  14.40  15.44  -1.00 328786 406751
1 13 10 30 12 35 00 00    1    0 305.81 306.91 273.39 264.90 191.52 156.43 464687 559617 565429 652544
2    1 13 10 30 12 35 00 00   0.367   0.0077  14.82  16.10  -1.00 328947 407074
1 13 10 30 12 35 20 00    1    0 305.81 306.91 273.39 264.92 191.52 156.43 464735 559755 565429 652738
2    1 13 10 30 12 35 20 00   0.378   0.0086  15.25  16.61  -1.00 329222 407510
1 13 10 30 12 35 40 00    1    0 305.81 306.91 273.39 264.91 191.52 156.43 464711 559690 565421 652665
2    1 13 10 30 12 35 40 00   0.376   0.0100  15.69  17.38  -1.00 329432 407898
1 13 10 30 12 36 00 00    1    0 305.81 306.90 273.39 264.86 191.52 156.43 464784 559690 565461 652624
2    1 13 10 30 12 36 00 00   0.368   0.0096  15.44  17.12  -1.00 329375 407745
1 13 10 30 12 36 20 00    1    0 305.81 306.91 273.39 264.87 191.52 156.43 464711 559739 565413 652665
2    1 13 10 30 12 36 20 00   0.381   0.0094  15.57  17.07  -1.00 329367 407769
1 13 10 30 12 36 40 00    1    0 305.81 306.90 273.39 264.82 191.52 156.43 464792 559714 565461 652705
2    1 13 10 30 12 36 40 00   0.362   0.0092  15.23  16.88  -1.00 329270 407624
1 13 10 30 12 37 00 00    1    0 305.81 306.90 273.39 264.71 191.52 156.43 464744 559739 565445 652657
2    1 13 10 30 12 37 00 00   0.373   0.0079  14.95  16.20  -1.00 329076 407252
1 13 10 30 12 37 20 00    1    0 305.81 306.91 273.39 264.69 191.52 156.43 464671 559682 565429 652729
2    1 13 10 30 12 37 20 00   0.379   0.0079  15.02  16.22  -1.00 329036 407195
1 13 10 30 12 37 40 00    1    0 305.81 306.90 273.40 264.84 191.52 156.43 464719 559658 565405 652608
2    1 13 10 30 12 37 40 00   0.372   0.0085  15.13  16.52  -1.00 329141 407349
1 13 10 30 12 38 00 00    1    0 305.81 306.90 273.39 264.85 191.52 156.43 464671 559714 565469 652632
2    1 13 10 30 12 38 00 00   0.380   0.0089  15.40  16.81  -1.00 329230 407583
1 13 10 30 12 38 20 00    1    0 305.81 306.90 273.39 264.86 191.52 156.43 464735 559731 565502 652632
2    1 13 10 30 12 38 20 00   0.378   0.0098  15.64  17.25  -1.00 329416 407866
1 13 10 30 12 38 40 00    1    0 305.81 306.91 273.40 264.86 191.52 156.43 464719 559690 565429 652584
2    1 13 10 30 12 38 40 00   0.376   0.0105  15.84  17.63  -1.00 329505 408052
1 13 10 30 12 39 00 00    1    0 305.81 306.90 273.39 264.90 191.52 156.43 464760 559674 565405 652705
2    1 13 10 30 12 39 00 00   0.368   0.0096  15.44  17.12  -1.00 329343 407729
1 13 10 30 12 39 20 00    1    0 305.81 306.91 273.39 264.88 191.52 156.43 464687 559674 565324 652624
2    1 13 10 30 12 39 20 00   0.378   0.0091  15.42  16.89  -1.00 329262 407591
1 13 10 30 12 39 40 00    1    0 305.81 306.91 273.40 264.92 191.52 156.43 464744 559658 565429 652705
2    1 13 10 30 12 39 40 00   0.362   0.0099  15.48  17.29  -1.00 329351 407801
1 13 10 30 12 40 00 00    1    0 305.81 306.91 273.39 264.90 191.52 156.43 464703 559698 565445 652657
2    1 13 10 30 12 40 00 00   0.384   0.0095  15.64  17.13  -1.00 329392 407753
1 13 10 30 12 40 20 00    1    0 305.81 306.91 273.39 264.84 191.52 156.43 464703 559642 565453 652681
2    1 13 10 30 12 40 20 00   0.365   0.0097  15.46  17.20  -1.00 329295 407729
1 13 10 30 12 40 40 00    1    0 305.81 306.91 273.40 264.81 191.52 156.43 464679 559690 565405 652673
2    1 13 10 30 12 40 40 00   0.386   0.0096  15.68  17.17  -1.00 329384 407753
1 13 10 30 12 41 00 00    1    0 305.81 306.90 273.39 264.71 191.52 156.43 464679 559626 565437 652624
2    1 13 10 30 12 41 00 00   0.373   0.0105  15.82  17.64  -1.00 329456 407971
1 13 10 30 12 41 20 00    1    0 305.81 306.91 273.39 264.64 191.52 156.43 464727 559698 565469 652689
2    1 13 10 30 12 41 20 00   0.383   0.0100  15.78  17.39  -1.00 329481 407890
1 13 10 30 12 41 40 00    1    0 305.81 306.91 273.39 264.64 191.52 156.43 464727 559706 565413 652689
2    1 13 10 30 12 41 40 00   0.368   0.0095  15.41  17.06  -1.00 329287 407704
1 13 10 30 12 42 00 00    1    0 305.81 306.91 273.39 264.62 191.52 156.43 464735 559674 565518 652592
2    1 13 10 30 12 42 00 00   0.371   0.0101  15.65  17.40  -1.00 329416 407874
1 13 10 30 12 42 20 00    1    0 305.81 306.91 273.39 264.64 191.52 156.43 464679 559747 565469 652697
2    1 13 10 30 12 42 20 00   0.392   0.0095  15.72  17.12  -1.00 329392 407785
1 13 10 30 12 42 40 00    1    0 305.81 306.91 273.39 264.66 191.52 156.43 464703 559723 565510 652657
2    1 13 10 30 12 42 40 00   0.380   0.0084  15.21  16.49  -1.00 329141 407389
1 13 10 30 12 43 00 00    1    0 305.81 306.91 273.39 264.69 191.52 156.43 464711 559731 565405 652632
2    1 13 10 30 12 43 00 00   0.385   0.0084  15.30  16.55  -1.00 329198 407438
1 13 10 30 12 43 20 00    1    0 305.81 306.91 273.39 264.68 191.52 156.43 464711 559714 565388 652665
2    1 13 10 30 12 43 20 00   0.379   0.0082  15.14  16.40  -1.00 329117 407333
1 13 10 30 12 43 40 00    1    0 305.81 306.91 273.40 264.69 191.52 156.43 464760 559755 565429 652713
2    1 13 10 30 12 43 40 00   0.376   0.0068  14.64  15.64  -1.00 328907 406920
1 13 10 30 12 44 00 00    1    0 305.81 306.91 273.40 264.66 191.52 156.43 464703 559706 565388 652624
2    1 13 10 30 12 44 00 00   0.378   0.0058  14.31  15.06  -1.00 328680 406532
1 13 10 30 12 44 20 00    1    0 305.81 306.91 273.40 264.64 191.52 156.43 464719 559658 565356 652624
2    1 13 10 30 12 44 20 00   0.365   0.0070  14.56  15.71  -1.00 328826 406864
1 13 10 30 12 44 40 00    1    0 305.82 306.92 273.40 264.66 191.52 156.43 464703 559609 565332 652584
2    1 13 10 30 12 44 40 00   0.369   0.0069  14.57  15.65  -1.00 328826 406783
1 13 10 30 12 45 00 00    1    0 305.81 306.91 273.40 264.66 191.52 156.43 464727 559690 565356 652616
2    1 13 10 30 12 45 00 00   0.362   0.0070  14.53  15.72  -1.00 328834 406904
1 13 10 30 12 45 20 00    1    0 305.81 306.92 273.40 264.68 191.52 156.43 464727 559706 565397 652649
2    1 13 10 30 12 45 20 00   0.375   0.0063  14.45  15.35  -1.00 328794 406702
1 13 10 30 12 45 40 00    1    0 305.82 306.91 273.40 264.62 191.52 156.43 464679 559690 565477 652657
2    1 13 10 30 12 45 40 00   0.377   0.0067  14.62  15.58  -1.00 328826 406823
1 13 10 30 12 46 00 00    1    0 305.82 306.92 273.40 264.71 191.52 156.43 464695 559698 565429 652649
2    1 13 10 30 12 46 00 00   0.375   0.0049  14.01  14.60  -1.00 328519 406249
1 13 10 30 12 46 20 00    1    0 305.82 306.92 273.40 264.77 191.52 156.43 464703 559609 565308 652560
2    1 13 10 30 12 46 20 00   0.359   0.0056  14.01  14.92  -1.00 328535 406346
1 13 10 30 12 46 40 00    1    0 305.82 306.92 273.40 264.75 191.52 156.43 464663 559650 565348 652632
2    1 13 10 30 12 46 40 00   0.358   0.0068  14.41  15.59  -1.00 328705 406783
1 13 10 30 12 47 00 00    1    0 305.82 306.92 273.40 264.72 191.52 156.43 464711 559642 565356 652584
2    1 13 10 30 12 47 00 00   0.359   0.0083  14.89  16.38  -1.00 329012 407244
1 13 10 30 12 47 20 00    1    0 305.82 306.92 273.40 264.68 191.52 156.43 464663 559634 565397 652616
2    1 13 10 30 12 47 20 00   0.377   0.0082  15.10  16.38  -1.00 329068 407236
1 13 10 30 12 47 40 00    1    0 305.82 306.92 273.40 264.73 191.52 156.43 464727 559690 565429 652608
2    1 13 10 30 12 47 40 00   0.373   0.0066  14.53  15.52  -1.00 328834 406783
1 13 10 30 12 48 00 00    1    0 305.82 306.91 273.40 264.74 191.52 156.43 464663 559795 565405 652608
2    1 13 10 30 12 48 00 00   0.398   0.0078  15.26  16.25  -1.00 329149 407333
1 13 10 30 12 48 20 00    1    0 305.82 306.92 273.41 264.73 191.52 156.43 464687 559626 565348 652592
2    1 13 10 30 12 48 20 00   0.373   0.0097  15.55  17.19  -1.00 329327 407720
1 13 10 30 12 48 40 00    1    0 305.82 306.92 273.41 264.75 191.52 156.43 464679 559674 565485 652624
2    1 13 10 30 12 48 40 00   0.383   0.0100  15.77  17.38  -1.00 329424 407874
1 13 10 30 12 49 00 00    1    0 305.82 306.91 273.41 264.78 191.52 156.43 464760 559763 565453 652632
2    1 13 10 30 12 49 00 00   0.372   0.0106  15.83  17.66  -1.00 329537 408141
1 13 10 30 12 49 20 00    1    0 305.82 306.92 273.41 264.74 191.52 156.43 464735 559658 565453 652681
2    1 13 10 30 12 49 20 00   0.371   0.0112  16.03  18.02  -1.00 329618 408238
1 13 10 30 12 49 40 00    1    0 305.81 306.91 273.41 264.75 191.52 156.43 464744 559609 565429 652689
2    1 13 10 30 12 49 40 00   0.363   0.0115  16.03  18.17  -1.00 329626 408270
1 13 10 30 12 50 00 00    1    0 305.82 306.91 273.41 264.69 191.52 156.43 464687 559682 565429 652649
2    1 13 10 30 12 50 00 00   0.380   0.0101  15.78  17.45  -1.00 329440 407914
1 13 10 30 12 50 20 00    1    0 305.81 306.91 273.41 264.67 191.52 156.43 464735 559731 565429 652632
2    1 13 10 30 12 50 20 00   0.373   0.0103  15.76  17.54  -1.00 329472 408020
1 13 10 30 12 50 40 00    1    0 305.81 306.91 273.42 264.66 191.52 156.43 464711 559682 565380 652689
2    1 13 10 30 12 50 40 00   0.377   0.0124  16.49  18.67  -1.00 329836 408634
1 13 10 30 12 51 00 00    1    0 305.81 306.91 273.41 264.66 191.52 156.43 464760 559706 565397 652673
2    1 13 10 30 12 51 00 00   0.371   0.0112  16.00  17.99  -1.00 329634 408254
1 13 10 30 12 51 20 00    1    0 305.81 306.91 273.41 264.69 191.52 156.43 464711 559617 565388 652657
2    1 13 10 30 12 51 20 00   0.368   0.0102  15.66  17.47  -1.00 329408 407850
1 13 10 30 12 51 40 00    1    0 305.81 306.91 273.41 264.68 191.52 156.43 464711 559682 565372 652649
2    1 13 10 30 12 51 40 00   0.371   0.0121  16.30  18.47  -1.00 329747 408513
1 13 10 30 12 52 00 00    1    0 305.81 306.91 273.42 264.71 191.52 156.43 464727 559731 565405 652632
2    1 13 10 30 12 52 00 00   0.373   0.0123  16.40  18.59  -1.00 329812 408634
1 13 10 30 12 52 20 00    1    0 305.81 306.90 273.42 264.73 191.52 156.43 464703 559601 565388 652560
2    1 13 10 30 12 52 20 00   0.378   0.0120  16.38  18.47  -1.00 329780 408432
1 13 10 30 12 52 40 00    1    0 305.82 306.91 273.41 264.74 191.52 156.43 464655 559650 565421 652600
2    1 13 10 30 12 52 40 00   0.377   0.0114  16.17  18.14  -1.00 329618 408286
1 13 10 30 12 53 00 00    1    0 305.81 306.90 273.42 264.71 191.52 156.43 464671 559666 565388 652632
2    1 13 10 30 12 53 00 00   0.379   0.0111  16.10  17.99  -1.00 329594 408214
1 13 10 30 12 53 20 00    1    0 305.81 306.90 273.41 264.71 191.52 156.43 464654 559642 565405 652624
2    1 13 10 30 12 53 20 00   0.384   0.0099  15.78  17.36  -1.00 329408 407817
1 13 10 30 12 53 40 00    1    0 305.82 306.90 273.41 264.73 191.52 156.43 464646 559674 565348 652519
2    1 13 10 30 12 53 40 00   0.387   0.0085  15.33  16.57  -1.00 329165 407389
1 13 10 30 12 54 00 00    1    0 305.81 306.90 273.41 264.69 191.52 156.43 464663 559650 565275 652568
2    1 13 10 30 12 54 00 00   0.377   0.0096  15.57  17.15  -1.00 329311 407712
1 13 10 30 12 54 20 00    1    0 305.82 306.90 273.41 264.73 191.52 156.43 464655 559626 565397 652608
2    1 13 10 30 12 54 20 00   0.375   0.0110  16.00  17.91  -1.00 329529 408133
1 13 10 30 12 54 40 00    1    0 305.81 306.90 273.41 264.70 191.52 156.43 464727 559674 565405 652616
2    1 13 10 30 12 54 40 00   0.379   0.0120  16.37  18.44  -1.00 329796 408496
1 13 10 30 12 55 00 00    1    0 305.81 306.89 273.41 264.71 191.52 156.43 464630 559609 565348 652608
2    1 13 10 30 12 55 00 00   0.378   0.0115  16.20  18.18  -1.00 329610 408278
1 13 10 30 12 55 20 00    1    0 305.81 306.90 273.41 264.62 191.52 156.43 464679 559698 565437 652649
2    1 13 10 30 12 55 20 00   0.379   0.0102  15.79  17.49  -1.00 329440 407955
1 13 10 30 12 55 40 00    1    0 305.81 306.89 273.41 264.60 191.52 156.43 464695 559698 565316 652600
2    1 13 10 30 12 55 40 00   0.380   0.0106  15.92  17.68  -1.00 329529 408076
1 13 10 30 12 56 00 00    1    0 305.81 306.89 273.41 264.60 191.52 156.43 464695 559731 565421 652544
2    1 13 10 30 12 56 00 00   0.377   0.0090  15.37  16.84  -1.00 329238 407615
1 13 10 30 12 56 20 00    1    0 305.81 306.89 273.41 264.57 191.52 156.43 464646 559634 565348 652641
2    1 13 10 30 12 56 20 00   0.370   0.0080  14.94  16.24  -1.00 328963 407163
1 13 10 30 12 56 40 00    1    0 305.82 306.89 273.41 264.59 191.52 156.43 464703 559617 565413 652592
2    1 13 10 30 12 56 40 00   0.365   0.0072  14.62  15.81  -1.00 328850 406888
1 13 10 30 12 57 00 00    1    0 305.81 306.89 273.41 264.60 191.52 156.43 464719 559723 565421 652713
2    1 13 10 30 12 57 00 00   0.367   0.0079  14.87  16.19  -1.00 328996 407211
1 13 10 30 12 57 20 00    1    0 305.81 306.89 273.41 264.65 191.52 156.43 464752 559706 565364 652584
2    1 13 10 30 12 57 20 00   0.364   0.0080  14.87  16.25  -1.00 329036 407236
1 13 10 30 12 57 40 00    1    0 305.81 306.89 273.41 264.82 191.52 156.43 464703 559706 565429 652705
2    1 13 10 30 12 57 40 00   0.369   0.0085  15.09  16.51  -1.00 329101 407389
1 13 10 30 12 58 00 00    1    0 305.81 306.89 273.41 264.82 191.52 156.43 464695 559779 565461 652705
2    1 13 10 30 12 58 00 00   0.380   0.0097  15.65  17.24  -1.00 329384 407898
1 13 10 30 12 58 20 00    1    0 305.81 306.89 273.41 264.70 191.52 156.43 464711 559706 565461 652721
2    1 13 10 30 12 58 20 00   0.366   0.0096  15.44  17.14  -1.00 329287 407761
1 13 10 30 12 58 40 00    1    0 305.81 306.89 273.41 264.64 191.52 156.43 464711 559658 565485 652600
2    1 13 10 30 12 58 40 00   0.376   0.0112  16.10  18.04  -1.00 329626 408246
1 13 10 30 12 59 00 00    1    0 305.82 306.90 273.41 264.61 191.52 156.43 464695 559658 565445 652608
2    1 13 10 30 12 59 00 00   0.375   0.0106  15.86  17.67  -1.00 329481 408028
1 13 10 30 12 59 20 00    1    0 305.81 306.90 273.41 264.59 191.52 156.43 464752 559690 565445 652697
2    1 13 10 30 12 59 20 00   0.365   0.0095  15.37  17.06  -1.00 329287 407696
1 13 10 30 12 59 40 00    1    0 305.81 306.90 273.41 264.63 191.52 156.43 464703 559682 565405 652689
2    1 13 10 30 12 59 40 00   0.377   0.0120  16.36  18.47  -1.00 329755 408513
1 13 10 30 13 00 00 00    1    0 305.81 306.90 273.41 264.69 191.52 156.43 464679 559666 565421 652527
2    1 13 10 30 13 00 00 00   0.385   0.0126  16.64  18.78  -1.00 329877 408690
