0 1 020 4.16 06 06 09
0 2 13 10 29 192.015 156.630 290.000   0.030   0.012 0.00164 0.00217 1   14   50  500 3.00
0 3 1000 1000 1000 0100 0010  19.350  23.400  30.150  41.850  90.000 138.150 149.850 156.600 160.650  90.000 180.000   0.998   0.100
0 4 1000 1000 1000 0100 0001  90.000 180.000
0 5  0.2127E-01 0.2119E+02 -.1264E+02 0.60048E-01 -.1420E-01 -.1135E+00 0.5016E+00 0.21651E-02 255.160 253.165   2.750
0 6 0000   1.000 223.150
1 13 10 30 14 00 40 00    1    0 305.80 306.89 273.27 264.26 191.51 156.43 464525 559496 565211 652430
2    1 13 10 30 14 00 40 00   0.382   0.0071  14.81  15.80  -1.00 328842 406856
1 13 10 30 14 01 00 00    1    0 305.81 306.89 273.27 264.21 191.51 156.43 464525 559480 565259 652455
2    1 13 10 30 14 01 00 00   0.376   0.0082  15.11  16.42  -1.00 328996 407203
1 13 10 30 14 01 20 00    1    0 305.81 306.89 273.27 264.21 191.51 156.43 464485 559512 565291 652447
2    1 13 10 30 14 01 20 00   0.379   0.0092  15.47  16.96  -1.00 329141 407559
1 13 10 30 14 01 40 00    1    0 305.80 306.89 273.27 264.21 191.51 156.43 464517 559504 565275 652382
2    1 13 10 30 14 01 40 00   0.368   0.0076  14.80  16.05  -1.00 328818 407017
1 13 10 30 14 02 00 00    1    0 305.80 306.88 273.27 264.18 191.51 156.43 464485 559529 565308 652422
2    1 13 10 30 14 02 00 00   0.385   0.0089  15.43  16.78  -1.00 329109 407478
1 13 10 30 14 02 20 00    1    0 305.80 306.89 273.27 264.18 191.51 156.43 464550 559529 565194 652455
2    1 13 10 30 14 02 20 00   0.374   0.0089  15.28  16.74  -1.00 329101 407454
1 13 10 30 14 02 40 00    1    0 305.81 306.89 273.27 264.17 191.51 156.43 464590 559537 565251 652438
2    1 13 10 30 14 02 40 00   0.369   0.0088  15.21  16.72  -1.00 329109 407454
1 13 10 30 14 03 00 00    1    0 305.81 306.89 273.27 264.21 191.51 156.43 464477 559529 565243 652463
2    1 13 10 30 14 03 00 00   0.390   0.0087  15.45  16.72  -1.00 329117 407446
1 13 10 30 14 03 20 00    1    0 305.80 306.89 273.27 264.24 191.51 156.43 464541 559512 565227 652495
2    1 13 10 30 14 03 20 00   0.376   0.0084  15.17  16.51  -1.00 329036 407300
1 13 10 30 14 03 40 00    1    0 305.81 306.89 273.27 264.22 191.51 156.43 464541 559496 565316 652503
2    1 13 10 30 14 03 40 00   0.366   0.0102  15.64  17.47  -1.00 329279 407850
1 13 10 30 14 04 00 00    1    0 305.82 306.91 273.26 264.34 191.51 156.43 464550 559545 565194 652471
2    1 13 10 30 14 04 00 00   0.376   0.0071  14.73  15.78  -1.00 328818 406904
1 13 10 30 14 04 20 00    1    0 305.81 306.91 273.26 264.43 191.51 156.43 464550 559504 565316 652455
2    1 13 10 30 14 04 20 00   0.367   0.0097  15.46  17.17  -1.00 329198 407680
1 13 10 30 14 04 40 00    1    0 305.81 306.91 273.26 264.44 191.51 156.43 464517 559456 565219 652487
2    1 13 10 30 14 04 40 00   0.373   0.0096  15.51  17.14  -1.00 329190 407607
1 13 10 30 14 05 00 00    1    0 305.82 306.91 273.26 264.44 191.51 156.43 464485 559520 565203 652301
2    1 13 10 30 14 05 00 00   0.381   0.0083  15.20  16.48  -1.00 328996 407292
1 13 10 30 14 05 20 00    1    0 305.82 306.92 273.26 264.37 191.51 156.43 464598 559480 565243 652503
2    1 13 10 30 14 05 20 00   0.362   0.0088  15.10  16.66  -1.00 329060 407357
1 13 10 30 14 05 40 00    1    0 305.82 306.91 273.26 264.30 191.51 156.43 464549 559440 565243 652422
2    1 13 10 30 14 05 40 00   0.367   0.0097  15.48  17.20  -1.00 329214 407632
1 13 10 30 14 06 00 00    1    0 305.82 306.92 273.26 264.30 191.51 156.43 464477 559529 565243 652414
2    1 13 10 30 14 06 00 00   0.391   0.0100  15.90  17.43  -1.00 329359 407866
1 13 10 30 14 06 20 00    1    0 305.82 306.92 273.26 264.32 191.51 156.43 464541 559456 565251 652406
2    1 13 10 30 14 06 20 00   0.375   0.0091  15.38  16.87  -1.00 329149 407462
1 13 10 30 14 06 40 00    1    0 305.82 306.91 273.26 264.32 191.51 156.43 464493 559375 565194 652487
2    1 13 10 30 14 06 40 00   0.368   0.0092  15.33  16.93  -1.00 329076 407397
1 13 10 30 14 07 00 00    1    0 305.82 306.92 273.25 264.31 191.51 156.43 464525 559456 565211 652366
2    1 13 10 30 14 07 00 00   0.372   0.0096  15.52  17.16  -1.00 329214 407624
1 13 10 30 14 07 20 00    1    0 305.82 306.91 273.26 264.28 191.51 156.43 464509 559432 565203 652333
2    1 13 10 30 14 07 20 00   0.370   0.0091  15.32  16.87  -1.00 329093 407430
1 13 10 30 14 07 40 00    1    0 305.81 306.91 273.26 264.29 191.51 156.43 464485 559480 565170 652511
2    1 13 10 30 14 07 40 00   0.374   0.0090  15.32  16.80  -1.00 329068 407430
1 13 10 30 14 08 00 00    1    0 305.82 306.91 273.26 264.29 191.51 156.43 464541 559464 565300 652430
2    1 13 10 30 14 08 00 00   0.368   0.0091  15.30  16.87  -1.00 329109 407454
1 13 10 30 14 08 20 00    1    0 305.81 306.91 273.25 264.36 191.51 156.43 464453 559448 565162 652414
2    1 13 10 30 14 08 20 00   0.378   0.0093  15.48  16.98  -1.00 329117 407502
1 13 10 30 14 08 40 00    1    0 305.82 306.91 273.25 264.27 191.51 156.43 464453 559432 565130 652414
2    1 13 10 30 14 08 40 00   0.386   0.0098  15.76  17.31  -1.00 329270 407680
1 13 10 30 14 09 00 00    1    0 305.82 306.91 273.25 264.24 191.51 156.43 464453 559480 565235 652511
2    1 13 10 30 14 09 00 00   0.387   0.0092  15.57  16.97  -1.00 329165 407518
1 13 10 30 14 09 20 00    1    0 305.81 306.91 273.25 264.22 191.51 156.43 464541 559520 565227 652382
2    1 13 10 30 14 09 20 00   0.377   0.0088  15.29  16.69  -1.00 329109 407405
1 13 10 30 14 09 40 00    1    0 305.81 306.91 273.25 264.21 191.51 156.43 464566 559448 565251 652414
2    1 13 10 30 14 09 40 00   0.359   0.0094  15.26  16.99  -1.00 329117 407502
1 13 10 30 14 10 00 00    1    0 305.81 306.91 273.25 264.25 191.51 156.43 464477 559415 565219 652382
2    1 13 10 30 14 10 00 00   0.372   0.0096  15.51  17.15  -1.00 329157 407567
1 13 10 30 14 10 20 00    1    0 305.82 306.91 273.25 264.26 191.51 156.43 464533 559504 565178 652406
2    1 13 10 30 14 10 20 00   0.366   0.0084  15.04  16.49  -1.00 328971 407268
1 13 10 30 14 10 40 00    1    0 305.81 306.91 273.25 264.45 191.51 156.43 464501 559456 565154 652398
2    1 13 10 30 14 10 40 00   0.376   0.0085  15.21  16.58  -1.00 329036 407276
1 13 10 30 14 11 00 00    1    0 305.81 306.91 273.25 264.49 191.51 156.43 464452 559529 565178 652398
2    1 13 10 30 14 11 00 00   0.400   0.0059  14.66  15.22  -1.00 328697 406548
1 13 10 30 14 11 20 00    1    0 305.82 306.91 273.25 264.44 191.51 156.43 464517 559504 565251 652398
2    1 13 10 30 14 11 20 00   0.364   0.0066  14.40  15.47  -1.00 328624 406678
1 13 10 30 14 11 40 00    1    0 305.81 306.91 273.25 264.44 191.51 156.43 464517 559488 565291 652519
2    1 13 10 30 14 11 40 00   0.372   0.0073  14.73  15.86  -1.00 328794 406888
1 13 10 30 14 12 00 00    1    0 305.82 306.91 273.25 264.40 191.51 156.43 464444 559480 565203 652398
2    1 13 10 30 14 12 00 00   0.380   0.0063  14.51  15.34  -1.00 328600 406573
1 13 10 30 14 12 20 00    1    0 305.82 306.91 273.25 264.38 191.51 156.43 464525 559456 565203 652430
2    1 13 10 30 14 12 20 00   0.364   0.0076  14.74  16.01  -1.00 328802 406945
1 13 10 30 14 12 40 00    1    0 305.82 306.92 273.25 264.42 191.51 156.43 464582 559577 565227 652479
2    1 13 10 30 14 12 40 00   0.365   0.0067  14.46  15.56  -1.00 328721 406799
1 13 10 30 14 13 00 00    1    0 305.81 306.92 273.25 264.45 191.51 156.43 464509 559545 565259 652471
2    1 13 10 30 14 13 00 00   0.381   0.0071  14.81  15.82  -1.00 328826 406928
1 13 10 30 14 13 20 00    1    0 305.82 306.92 273.25 264.42 191.51 156.43 464541 559529 565227 652495
2    1 13 10 30 14 13 20 00   0.367   0.0066  14.45  15.49  -1.00 328672 406710
1 13 10 30 14 13 40 00    1    0 305.82 306.92 273.25 264.42 191.51 156.43 464509 559440 565162 652390
2    1 13 10 30 14 13 40 00   0.367   0.0077  14.80  16.08  -1.00 328826 406969
1 13 10 30 14 14 00 00    1    0 305.82 306.93 273.25 264.40 191.51 156.43 464509 559480 565186 652406
2    1 13 10 30 14 14 00 00   0.379   0.0074  14.87  15.95  -1.00 328866 406936
1 13 10 30 14 14 20 00    1    0 305.82 306.93 273.24 264.46 191.51 156.43 464469 559521 565219 652390
2    1 13 10 30 14 14 20 00   0.379   0.0072  14.81  15.85  -1.00 328794 406928
1 13 10 30 14 14 40 00    1    0 305.82 306.92 273.24 264.41 191.51 156.43 464469 559472 565138 652374
2    1 13 10 30 14 14 40 00   0.368   0.0085  15.08  16.51  -1.00 328939 407276
1 13 10 30 14 15 00 00    1    0 305.81 306.92 273.24 264.45 191.51 156.43 464517 559488 565219 652390
2    1 13 10 30 14 15 00 00   0.376   0.0086  15.23  16.62  -1.00 329068 407357
1 13 10 30 14 15 20 00    1    0 305.82 306.93 273.24 264.47 191.51 156.43 464509 559545 565267 652544
2    1 13 10 30 14 15 20 00   0.378   0.0085  15.21  16.54  -1.00 329044 407365
1 13 10 30 14 15 40 00    1    0 305.82 306.92 273.24 264.50 191.51 156.43 464590 559569 565227 652527
2    1 13 10 30 14 15 40 00   0.371   0.0072  14.70  15.83  -1.00 328866 406969
1 13 10 30 14 16 00 00    1    0 305.82 306.93 273.24 264.49 191.51 156.43 464566 559561 565227 652519
2    1 13 10 30 14 16 00 00   0.378   0.0074  14.86  15.96  -1.00 328923 407033
1 13 10 30 14 16 20 00    1    0 305.82 306.92 273.24 264.51 191.51 156.43 464598 559585 565291 652503
2    1 13 10 30 14 16 20 00   0.369   0.0078  14.88  16.18  -1.00 328971 407187
1 13 10 30 14 16 40 00    1    0 305.82 306.93 273.24 264.49 191.51 156.43 464550 559512 565251 652519
2    1 13 10 30 14 16 40 00   0.363   0.0068  14.45  15.57  -1.00 328697 406751
1 13 10 30 14 17 00 00    1    0 305.82 306.93 273.24 264.47 191.51 156.43 464598 559609 565251 652511
2    1 13 10 30 14 17 00 00   0.361   0.0074  14.64  15.92  -1.00 328850 407058
1 13 10 30 14 17 20 00    1    0 305.82 306.93 273.24 264.49 191.51 156.43 464541 559569 565243 652471
2    1 13 10 30 14 17 20 00   0.382   0.0081  15.14  16.35  -1.00 329052 407276
1 13 10 30 14 17 40 00    1    0 305.82 306.92 273.23 264.47 191.51 156.43 464493 559529 565219 652414
2    1 13 10 30 14 17 40 00   0.380   0.0082  15.15  16.40  -1.00 329012 407276
1 13 10 30 14 18 00 00    1    0 305.81 306.93 273.23 264.45 191.51 156.43 464541 559472 565146 652382
2    1 13 10 30 14 18 00 00   0.356   0.0087  15.00  16.62  -1.00 328988 407349
1 13 10 30 14 18 20 00    1    0 305.82 306.92 273.23 264.42 191.51 156.43 464541 559432 565227 652382
2    1 13 10 30 14 18 20 00   0.369   0.0091  15.29  16.85  -1.00 329141 407446
1 13 10 30 14 18 40 00    1    0 305.81 306.91 273.23 264.36 191.51 156.43 464541 559504 565154 652398
2    1 13 10 30 14 18 40 00   0.360   0.0088  15.09  16.68  -1.00 329044 407421
1 13 10 30 14 19 00 00    1    0 305.82 306.91 273.23 264.45 191.51 156.43 464469 559480 565170 652422
2    1 13 10 30 14 19 00 00   0.375   0.0092  15.42  16.94  -1.00 329141 407551
1 13 10 30 14 19 20 00    1    0 305.81 306.91 273.23 264.64 191.51 156.43 464558 559407 565138 652430
2    1 13 10 30 14 19 20 00   0.362   0.0077  14.77  16.10  -1.00 328899 406977
1 13 10 30 14 19 40 00    1    0 305.81 306.91 273.22 264.66 191.51 156.43 464477 559504 565243 652358
2    1 13 10 30 14 19 40 00   0.367   0.0081  14.96  16.33  -1.00 328915 407219
1 13 10 30 14 20 00 00    1    0 305.81 306.91 273.22 264.61 191.51 156.43 464477 559440 565227 652438
2    1 13 10 30 14 20 00 00   0.370   0.0090  15.28  16.79  -1.00 329076 407421
1 13 10 30 14 20 20 00    1    0 305.81 306.91 273.22 264.58 191.51 156.43 464469 559537 565211 652358
2    1 13 10 30 14 20 20 00   0.378   0.0082  15.14  16.41  -1.00 328996 407308
1 13 10 30 14 20 40 00    1    0 305.82 306.90 273.22 264.49 191.51 156.43 464453 559448 565195 652438
2    1 13 10 30 14 20 40 00   0.374   0.0086  15.21  16.61  -1.00 329012 407333
1 13 10 30 14 21 00 00    1    0 305.81 306.90 273.22 264.51 191.51 156.43 464493 559504 565235 652406
2    1 13 10 30 14 21 00 00   0.381   0.0078  15.03  16.19  -1.00 328955 407139
1 13 10 30 14 21 20 00    1    0 305.80 306.91 273.21 264.53 191.51 156.43 464541 559448 565219 652422
2    1 13 10 30 14 21 20 00   0.363   0.0075  14.70  15.97  -1.00 328834 406953
1 13 10 30 14 21 40 00    1    0 305.81 306.90 273.21 264.60 191.51 156.43 464452 559423 565227 652382
2    1 13 10 30 14 21 40 00   0.375   0.0086  15.20  16.59  -1.00 329004 407292
1 13 10 30 14 22 00 00    1    0 305.81 306.90 273.21 264.61 191.51 156.43 464485 559432 565251 652479
2    1 13 10 30 14 22 00 00   0.365   0.0090  15.21  16.78  -1.00 329036 407405
1 13 10 30 14 22 20 00    1    0 305.81 306.90 273.21 264.62 191.51 156.43 464525 559496 565186 652422
2    1 13 10 30 14 22 20 00   0.367   0.0085  15.09  16.54  -1.00 329020 407333
1 13 10 30 14 22 40 00    1    0 305.81 306.90 273.20 264.57 191.51 156.43 464485 559496 565194 652422
2    1 13 10 30 14 22 40 00   0.374   0.0087  15.24  16.66  -1.00 329060 407405
1 13 10 30 14 23 00 00    1    0 305.81 306.89 273.21 264.49 191.51 156.43 464574 559480 565243 652406
2    1 13 10 30 14 23 00 00   0.360   0.0079  14.79  16.20  -1.00 328915 407114
1 13 10 30 14 23 20 00    1    0 305.81 306.90 273.20 264.49 191.51 156.43 464517 559464 565259 652463
2    1 13 10 30 14 23 20 00   0.361   0.0074  14.62  15.88  -1.00 328769 406912
1 13 10 30 14 23 40 00    1    0 305.80 306.89 273.20 264.42 191.51 156.43 464485 559488 565259 652487
2    1 13 10 30 14 23 40 00   0.374   0.0075  14.83  15.99  -1.00 328842 406993
1 13 10 30 14 24 00 00    1    0 305.82 306.89 273.20 264.34 191.51 156.43 464509 559448 565162 652422
2    1 13 10 30 14 24 00 00   0.367   0.0081  14.95  16.30  -1.00 328931 407139
1 13 10 30 14 24 20 00    1    0 305.81 306.89 273.20 264.30 191.51 156.43 464469 559448 565243 652447
2    1 13 10 30 14 24 20 00   0.371   0.0083  15.06  16.43  -1.00 328947 407211
1 13 10 30 14 24 40 00    1    0 305.81 306.89 273.20 264.39 191.51 156.43 464525 559512 565186 652447
2    1 13 10 30 14 24 40 00   0.368   0.0076  14.78  16.02  -1.00 328858 407033
1 13 10 30 14 25 00 00    1    0 305.81 306.89 273.20 264.35 191.51 156.43 464517 559537 565178 652487
2    1 13 10 30 14 25 00 00   0.372   0.0069  14.60  15.65  -1.00 328761 406839
1 13 10 30 14 25 20 00    1    0 305.81 306.89 273.19 264.31 191.51 156.43 464525 559488 565235 652358
2    1 13 10 30 14 25 20 00   0.370   0.0055  14.11  14.87  -1.00 328511 406338
1 13 10 30 14 25 40 00    1    0 305.81 306.89 273.20 264.33 191.51 156.43 464493 559464 565170 652455
2    1 13 10 30 14 25 40 00   0.363   0.0067  14.45  15.55  -1.00 328656 406710
1 13 10 30 14 26 00 00    1    0 305.81 306.90 273.19 264.53 191.51 156.43 464485 559464 565138 652447
2    1 13 10 30 14 26 00 00   0.360   0.0076  14.68  16.00  -1.00 328777 406977
1 13 10 30 14 26 20 00    1    0 305.81 306.90 273.19 264.66 191.51 156.43 464469 559488 565219 652414
2    1 13 10 30 14 26 20 00   0.370   0.0066  14.48  15.48  -1.00 328656 406694
1 13 10 30 14 26 40 00    1    0 305.80 306.89 273.18 264.72 191.51 156.43 464493 559423 565203 652374
2    1 13 10 30 14 26 40 00   0.357   0.0074  14.57  15.88  -1.00 328729 406872
1 13 10 30 14 27 00 00    1    0 305.81 306.89 273.18 264.64 191.51 156.43 464380 559432 565178 652406
2    1 13 10 30 14 27 00 00   0.386   0.0054  14.31  14.89  -1.00 328470 406290
1 13 10 30 14 27 20 00    1    0 305.80 306.89 273.18 264.54 191.51 156.43 464412 559399 565114 652350
2    1 13 10 30 14 27 20 00   0.365   0.0049  13.87  14.57  -1.00 328276 406072
1 13 10 30 14 27 40 00    1    0 305.81 306.89 273.18 264.53 191.51 156.43 464444 559432 565227 652471
2    1 13 10 30 14 27 40 00   0.372   0.0065  14.48  15.44  -1.00 328624 406613
1 13 10 30 14 28 00 00    1    0 305.80 306.89 273.18 264.50 191.51 156.43 464436 559440 565194 652341
2    1 13 10 30 14 28 00 00   0.375   0.0077  14.93  16.13  -1.00 328850 407033
1 13 10 30 14 28 20 00    1    0 305.81 306.89 273.17 264.46 191.51 156.43 464469 559432 565186 652471
2    1 13 10 30 14 28 20 00   0.364   0.0092  15.28  16.92  -1.00 329068 407486
1 13 10 30 14 28 40 00    1    0 305.81 306.89 273.18 264.45 191.51 156.43 464477 559448 565138 652406
2    1 13 10 30 14 28 40 00   0.364   0.0091  15.22  16.82  -1.00 329044 407446
1 13 10 30 14 29 00 00    1    0 305.81 306.89 273.17 264.45 191.51 156.43 464453 559407 565098 652325
2    1 13 10 30 14 29 00 00   0.373   0.0091  15.34  16.85  -1.00 329093 407430
1 13 10 30 14 29 20 00    1    0 305.81 306.89 273.17 264.42 191.51 156.43 464509 559399 565227 652317
2    1 13 10 30 14 29 20 00   0.355   0.0087  14.98  16.59  -1.00 328955 407268
1 13 10 30 14 29 40 00    1    0 305.81 306.89 273.17 264.41 191.51 156.43 464461 559464 565203 652317
2    1 13 10 30 14 29 40 00   0.371   0.0079  14.93  16.21  -1.00 328882 407114
1 13 10 30 14 30 00 00    1    0 305.80 306.89 273.17 264.41 191.51 156.43 464501 559456 565211 652382
2    1 13 10 30 14 30 00 00   0.375   0.0091  15.36  16.86  -1.00 329149 407494
1 13 10 30 14 30 20 00    1    0 305.81 306.89 273.17 264.43 191.51 156.43 464428 559512 565170 652406
2    1 13 10 30 14 30 20 00   0.398   0.0097  15.86  17.25  -1.00 329335 407785
1 13 10 30 14 30 40 00    1    0 305.81 306.89 273.17 264.45 191.51 156.43 464493 559415 565211 652438
2    1 13 10 30 14 30 40 00   0.368   0.0102  15.66  17.48  -1.00 329295 407817
1 13 10 30 14 31 00 00    1    0 305.81 306.89 273.17 264.45 191.51 156.43 464461 559504 565130 652398
2    1 13 10 30 14 31 00 00   0.388   0.0085  15.34  16.57  -1.00 329101 407373
1 13 10 30 14 31 20 00    1    0 305.80 306.89 273.17 264.50 191.51 156.43 464444 559415 565170 652463
2    1 13 10 30 14 31 20 00   0.374   0.0087  15.24  16.66  -1.00 329028 407333
1 13 10 30 14 31 40 00    1    0 305.81 306.89 273.17 264.48 191.51 156.43 464444 559415 565146 652438
2    1 13 10 30 14 31 40 00   0.382   0.0087  15.33  16.67  -1.00 329076 407332
1 13 10 30 14 32 00 00    1    0 305.80 306.89 273.16 264.45 191.51 156.43 464404 559375 565154 652398
2    1 13 10 30 14 32 00 00   0.373   0.0097  15.55  17.20  -1.00 329149 407599
1 13 10 30 14 32 20 00    1    0 305.81 306.89 273.16 264.45 191.51 156.43 464428 559424 565122 652293
2    1 13 10 30 14 32 20 00   0.365   0.0111  15.93  17.96  -1.00 329375 408108
1 13 10 30 14 32 40 00    1    0 305.80 306.89 273.16 264.43 191.51 156.43 464453 559399 565098 652382
2    1 13 10 30 14 32 40 00   0.366   0.0106  15.75  17.67  -1.00 329311 407906
1 13 10 30 14 33 00 00    1    0 305.81 306.89 273.16 264.44 191.51 156.43 464453 559496 565089 652293
2    1 13 10 30 14 33 00 00   0.375   0.0099  15.63  17.30  -1.00 329254 407801
1 13 10 30 14 33 20 00    1    0 305.81 306.89 273.16 264.40 191.51 156.43 464469 559367 565170 652374
2    1 13 10 30 14 33 20 00   0.370   0.0102  15.69  17.48  -1.00 329303 407777
1 13 10 30 14 33 40 00    1    0 305.81 306.89 273.16 264.42 191.51 156.43 464461 559488 565154 652253
2    1 13 10 30 14 33 40 00   0.373   0.0088  15.26  16.71  -1.00 329068 407454
1 13 10 30 14 34 00 00    1    0 305.82 306.89 273.15 264.42 191.51 156.43 464469 559407 565146 652414
2    1 13 10 30 14 34 00 00   0.363   0.0085  15.02  16.51  -1.00 328955 407252
1 13 10 30 14 34 20 00    1    0 305.81 306.89 273.15 264.45 191.51 156.43 464444 559415 565138 652374
2    1 13 10 30 14 34 20 00   0.367   0.0090  15.25  16.81  -1.00 329052 407438
1 13 10 30 14 34 40 00    1    0 305.81 306.89 273.15 264.46 191.51 156.43 464428 559472 565203 652414
2    1 13 10 30 14 34 40 00   0.379   0.0103  15.84  17.56  -1.00 329343 407939
1 13 10 30 14 35 00 00    1    0 305.81 306.89 273.15 264.46 191.51 156.43 464477 559407 565081 652382
2    1 13 10 30 14 35 00 00   0.368   0.0104  15.72  17.57  -1.00 329335 407882
1 13 10 30 14 35 20 00    1    0 305.81 306.89 273.15 264.64 191.51 156.43 464477 559383 565122 652406
2    1 13 10 30 14 35 20 00   0.372   0.0099  15.62  17.32  -1.00 329287 407704
1 13 10 30 14 35 40 00    1    0 305.81 306.89 273.15 264.76 191.51 156.43 464461 559472 565130 652382
2    1 13 10 30 14 35 40 00   0.362   0.0094  15.29  16.98  -1.00 329101 407591
1 13 10 30 14 36 00 00    1    0 305.81 306.89 273.15 264.71 191.51 156.43 464461 559399 565146 652382
2    1 13 10 30 14 36 00 00   0.363   0.0097  15.41  17.16  -1.00 329165 407624
1 13 10 30 14 36 20 00    1    0 305.81 306.89 273.15 264.57 191.51 156.43 464461 559415 565081 652390
2    1 13 10 30 14 36 20 00   0.364   0.0101  15.57  17.40  -1.00 329254 407777
1 13 10 30 14 36 40 00    1    0 305.80 306.89 273.14 264.54 191.51 156.43 464404 559440 565130 652325
2    1 13 10 30 14 36 40 00   0.382   0.0091  15.48  16.92  -1.00 329149 407527
1 13 10 30 14 37 00 00    1    0 305.81 306.89 273.14 264.58 191.51 156.43 464412 559440 565114 652366
2    1 13 10 30 14 37 00 00   0.379   0.0091  15.43  16.88  -1.00 329133 407510
1 13 10 30 14 37 20 00    1    0 305.81 306.89 273.14 264.61 191.51 156.43 464461 559432 565122 652430
2    1 13 10 30 14 37 20 00   0.359   0.0081  14.82  16.26  -1.00 328866 407130
1 13 10 30 14 37 40 00    1    0 305.81 306.89 273.14 264.58 191.51 156.43 464453 559448 565122 652422
2    1 13 10 30 14 37 40 00   0.368   0.0089  15.24  16.77  -1.00 329076 407446
1 13 10 30 14 38 00 00    1    0 305.81 306.89 273.13 264.60 191.51 156.43 464412 559415 565219 652382
2    1 13 10 30 14 38 00 00   0.376   0.0082  15.10  16.39  -1.00 328955 407187
1 13 10 30 14 38 20 00    1    0 305.81 306.89 273.13 264.58 191.51 156.43 464420 559359 565170 652236
2    1 13 10 30 14 38 20 00   0.366   0.0075  14.72  15.95  -1.00 328761 406880
1 13 10 30 14 38 40 00    1    0 305.81 306.89 273.13 264.55 191.51 156.43 464461 559415 565106 652358
2    1 13 10 30 14 38 40 00   0.347   0.0095  15.15  17.03  -1.00 329036 407575
1 13 10 30 14 39 00 00    1    0 305.82 306.89 273.13 264.49 191.51 156.43 464404 559456 565098 652374
2    1 13 10 30 14 39 00 00   0.373   0.0082  15.05  16.36  -1.00 328923 407219
1 13 10 30 14 39 20 00    1    0 305.81 306.89 273.13 264.44 191.51 156.43 464444 559359 565130 652366
2    1 13 10 30 14 39 20 00   0.362   0.0085  15.01  16.51  -1.00 328947 407211
1 13 10 30 14 39 40 00    1    0 305.80 306.89 273.13 264.45 191.51 156.43 464453 559456 565146 652374
2    1 13 10 30 14 39 40 00   0.369   0.0079  14.92  16.22  -1.00 328907 407139
1 13 10 30 14 40 00 00    1    0 305.81 306.90 273.13 264.49 191.51 156.43 464461 559391 565170 652503
2    1 13 10 30 14 40 00 00   0.358   0.0083  14.90  16.41  -1.00 328907 407171
1 13 10 30 14 40 20 00    1    0 305.81 306.89 273.13 264.44 191.51 156.43 464420 559488 565235 652382
2    1 13 10 30 14 40 20 00   0.383   0.0082  15.18  16.40  -1.00 329004 407268
1 13 10 30 14 40 40 00    1    0 305.82 306.89 273.13 264.45 191.51 156.43 464501 559423 565138 652366
2    1 13 10 30 14 40 40 00   0.356   0.0083  14.85  16.36  -1.00 328915 407179
1 13 10 30 14 41 00 00    1    0 305.81 306.89 273.12 264.48 191.51 156.43 464461 559375 565130 652350
2    1 13 10 30 14 41 00 00   0.358   0.0084  14.93  16.45  -1.00 328923 407187
1 13 10 30 14 41 20 00    1    0 305.81 306.89 273.12 264.51 191.51 156.43 464420 559407 565138 652285
2    1 13 10 30 14 41 20 00   0.375   0.0069  14.64  15.65  -1.00 328729 406751
1 13 10 30 14 41 40 00    1    0 305.80 306.89 273.12 264.51 191.51 156.43 464485 559407 565130 652358
2    1 13 10 30 14 41 40 00   0.352   0.0080  14.71  16.19  -1.00 328834 407074
1 13 10 30 14 42 00 00    1    0 305.81 306.89 273.12 264.51 191.51 156.43 464517 559415 565186 652333
2    1 13 10 30 14 42 00 00   0.348   0.0091  15.01  16.77  -1.00 329028 407430
1 13 10 30 14 42 20 00    1    0 305.81 306.89 273.12 264.51 191.51 156.43 464420 559399 565073 652301
2    1 13 10 30 14 42 20 00   0.368   0.0087  15.15  16.63  -1.00 329004 407333
1 13 10 30 14 42 40 00    1    0 305.81 306.89 273.12 264.44 191.51 156.43 464444 559383 565114 652317
2    1 13 10 30 14 42 40 00   0.362   0.0086  15.04  16.56  -1.00 328971 407276
1 13 10 30 14 43 00 00    1    0 305.81 306.89 273.12 264.38 191.51 156.43 464436 559391 565098 652374
2    1 13 10 30 14 43 00 00   0.364   0.0086  15.08  16.58  -1.00 328988 407292
1 13 10 30 14 43 20 00    1    0 305.81 306.89 273.11 264.37 191.51 156.43 464420 559472 565154 652317
2    1 13 10 30 14 43 20 00   0.371   0.0073  14.72  15.86  -1.00 328786 406961
1 13 10 30 14 43 40 00    1    0 305.81 306.90 273.11 264.36 191.51 156.43 464501 559415 565227 652366
2    1 13 10 30 14 43 40 00   0.350   0.0087  14.93  16.59  -1.00 328971 407333
1 13 10 30 14 44 00 00    1    0 305.80 306.90 273.11 264.38 191.51 156.43 464444 559335 565114 652333
2    1 13 10 30 14 44 00 00   0.353   0.0098  15.31  17.18  -1.00 329117 407599
1 13 10 30 14 44 20 00    1    0 305.80 306.90 273.11 264.40 191.51 156.43 464501 559432 565170 652309
2    1 13 10 30 14 44 20 00   0.368   0.0090  15.24  16.79  -1.00 329141 407470
1 13 10 30 14 44 40 00    1    0 305.81 306.90 273.11 264.33 191.51 156.43 464436 559432 565194 652398
2    1 13 10 30 14 44 40 00   0.378   0.0097  15.62  17.21  -1.00 329270 407720
1 13 10 30 14 45 00 00    1    0 305.81 306.91 273.11 264.31 191.51 156.43 464436 559359 565178 652333
2    1 13 10 30 14 45 00 00   0.366   0.0108  15.82  17.77  -1.00 329375 407979
1 13 10 30 14 45 20 00    1    0 305.82 306.91 273.11 264.38 191.51 156.43 464331 559286 565122 652317
2    1 13 10 30 14 45 20 00   0.373   0.0109  15.95  17.84  -1.00 329327 407939
1 13 10 30 14 45 40 00    1    0 305.81 306.91 273.10 264.47 191.51 156.43 464412 559367 565089 652350
2    1 13 10 30 14 45 40 00   0.365   0.0111  15.89  17.91  -1.00 329384 408060
1 13 10 30 14 46 00 00    1    0 305.81 306.91 273.10 264.55 191.51 156.43 464428 559335 565154 652301
2    1 13 10 30 14 46 00 00   0.358   0.0110  15.80  17.88  -1.00 329351 408011
1 13 10 30 14 46 20 00    1    0 305.81 306.91 273.10 264.65 191.51 156.43 464444 559415 565154 652358
2    1 13 10 30 14 46 20 00   0.372   0.0109  15.93  17.83  -1.00 329432 408060
1 13 10 30 14 46 40 00    1    0 305.81 306.91 273.10 264.68 191.51 156.43 464453 559472 565114 652261
2    1 13 10 30 14 46 40 00   0.380   0.0105  15.92  17.67  -1.00 329440 408036
1 13 10 30 14 47 00 00    1    0 305.81 306.91 273.10 264.69 191.51 156.43 464436 559456 565162 652317
2    1 13 10 30 14 47 00 00   0.372   0.0116  16.15  18.21  -1.00 329545 408351
1 13 10 30 14 47 20 00    1    0 305.82 306.91 273.10 264.60 191.51 156.43 464461 559391 565178 652422
2    1 13 10 30 14 47 20 00   0.364   0.0127  16.41  18.79  -1.00 329707 408618
1 13 10 30 14 47 40 00    1    0 305.81 306.91 273.10 264.49 191.51 156.43 464453 559448 565170 652285
2    1 13 10 30 14 47 40 00   0.383   0.0123  16.55  18.66  -1.00 329772 408610
1 13 10 30 14 48 00 00    1    0 305.82 306.91 273.10 264.49 191.51 156.43 464444 559407 565130 652447
2    1 13 10 30 14 48 00 00   0.378   0.0124  16.49  18.66  -1.00 329731 408561
1 13 10 30 14 48 20 00    1    0 305.81 306.91 273.10 264.50 191.51 156.43 464469 559504 565227 652487
2    1 13 10 30 14 48 20 00   0.373   0.0115  16.14  18.16  -1.00 329569 408359
1 13 10 30 14 48 40 00    1    0 305.82 306.91 273.10 264.44 191.51 156.43 464558 559504 565227 652495
2    1 13 10 30 14 48 40 00   0.363   0.0122  16.23  18.51  -1.00 329707 408561
1 13 10 30 14 49 00 00    1    0 305.82 306.91 273.10 264.45 191.51 156.43 464501 559464 565211 652438
2    1 13 10 30 14 49 00 00   0.370   0.0125  16.44  18.73  -1.00 329763 408650
1 13 10 30 14 49 20 00    1    0 305.81 306.91 273.09 264.47 191.51 156.43 464501 559424 565219 652438
2    1 13 10 30 14 49 20 00   0.361   0.0099  15.47  17.29  -1.00 329254 407753
1 13 10 30 14 49 40 00    1    0 305.81 306.91 273.10 264.52 191.51 156.43 464485 559561 565211 652487
2    1 13 10 30 14 49 40 00   0.377   0.0102  15.77  17.49  -1.00 329392 408011
1 13 10 30 14 50 00 00    1    0 305.81 306.91 273.09 264.43 191.51 156.43 464485 559504 565195 652398
2    1 13 10 30 14 50 00 00   0.368   0.0108  15.85  17.77  -1.00 329432 408125
1 13 10 30 14 50 20 00    1    0 305.81 306.91 273.09 264.43 191.51 156.43 464533 559488 565235 652544
2    1 13 10 30 14 50 20 00   0.359   0.0101  15.51  17.39  -1.00 329303 407874
1 13 10 30 14 50 40 00    1    0 305.82 306.91 273.09 264.35 191.51 156.43 464501 559480 565194 652495
2    1 13 10 30 14 50 40 00   0.365   0.0095  15.36  17.04  -1.00 329198 407656
1 13 10 30 14 51 00 00    1    0 305.81 306.90 273.09 264.25 191.51 156.43 464525 559407 565138 652447
2    1 13 10 30 14 51 00 00   0.356   0.0103  15.51  17.45  -1.00 329303 407818
1 13 10 30 14 51 20 00    1    0 305.81 306.91 273.09 264.27 191.51 156.43 464469 559496 565235 652414
2    1 13 10 30 14 51 20 00   0.367   0.0098  15.53  17.26  -1.00 329254 407801
1 13 10 30 14 51 40 00    1    0 305.81 306.91 273.09 264.38 191.51 156.43 464509 559424 565195 652430
2    1 13 10 30 14 51 40 00   0.353   0.0101  15.44  17.38  -1.00 329246 407793
1 13 10 30 14 52 00 00    1    0 305.81 306.90 273.09 264.42 191.51 156.43 464412 559456 565154 652463
2    1 13 10 30 14 52 00 00   0.374   0.0096  15.52  17.12  -1.00 329190 407672
1 13 10 30 14 52 20 00    1    0 305.80 306.90 273.08 264.41 191.51 156.43 464501 559424 565243 652455
2    1 13 10 30 14 52 20 00   0.356   0.0101  15.45  17.36  -1.00 329246 407777
1 13 10 30 14 52 40 00    1    0 305.81 306.90 273.08 264.37 191.51 156.43 464453 559432 565186 652447
2    1 13 10 30 14 52 40 00   0.366   0.0101  15.61  17.42  -1.00 329279 407817
1 13 10 30 14 53 00 00    1    0 305.81 306.90 273.08 264.33 191.51 156.43 464469 559448 565186 652341
2    1 13 10 30 14 53 00 00   0.363   0.0086  15.04  16.55  -1.00 328996 407324
1 13 10 30 14 53 20 00    1    0 305.81 306.90 273.08 264.45 191.51 156.43 464509 559472 565162 652438
2    1 13 10 30 14 53 20 00   0.349   0.0090  15.02  16.77  -1.00 329028 407478
1 13 10 30 14 53 40 00    1    0 305.81 306.90 273.08 264.42 191.51 156.43 464477 559472 565211 652406
2    1 13 10 30 14 53 40 00   0.360   0.0094  15.30  17.02  -1.00 329141 407632
1 13 10 30 14 54 00 00    1    0 305.81 306.90 273.07 264.36 191.51 156.43 464493 559520 565162 652358
2    1 13 10 30 14 54 00 00   0.364   0.0073  14.64  15.85  -1.00 328818 407001
1 13 10 30 14 54 20 00    1    0 305.81 306.89 273.07 264.38 191.51 156.43 464428 559391 565162 652301
2    1 13 10 30 14 54 20 00   0.359   0.0071  14.52  15.75  -1.00 328688 406815
1 13 10 30 14 54 40 00    1    0 305.81 306.90 273.07 264.39 191.51 156.43 464396 559415 565106 652325
2    1 13 10 30 14 54 40 00   0.364   0.0065  14.38  15.43  -1.00 328583 406654
1 13 10 30 14 55 00 00    1    0 305.81 306.90 273.07 264.38 191.51 156.43 464461 559432 565089 652309
2    1 13 10 30 14 55 00 00   0.356   0.0050  13.78  14.58  -1.00 328341 406177
1 13 10 30 14 55 20 00    1    0 305.80 306.90 273.07 264.34 191.51 156.43 464420 559359 565081 652301
2    1 13 10 30 14 55 20 00   0.353   0.0033  13.16  13.62  -1.00 327977 405530
1 13 10 30 14 55 40 00    1    0 305.81 306.89 273.06 264.31 191.51 156.43 464412 559391 565130 652285
2    1 13 10 30 14 55 40 00   0.345   0.0050  13.64  14.56  -1.00 328220 406128
1 13 10 30 14 56 00 00    1    0 305.81 306.89 273.06 264.30 191.51 156.43 464380 559415 565081 652277
2    1 13 10 30 14 56 00 00   0.361   0.0082  14.88  16.32  -1.00 328842 407203
1 13 10 30 14 56 20 00    1    0 305.81 306.89 273.06 264.30 191.51 156.43 464436 559448 565114 652350
2    1 13 10 30 14 56 20 00   0.369   0.0079  14.91  16.22  -1.00 328915 407179
1 13 10 30 14 56 40 00    1    0 305.80 306.89 273.06 264.25 191.51 156.43 464428 559391 565098 652366
2    1 13 10 30 14 56 40 00   0.354   0.0079  14.72  16.18  -1.00 328810 407098
1 13 10 30 14 57 00 00    1    0 305.80 306.89 273.06 264.27 191.51 156.43 464396 559310 565049 652350
2    1 13 10 30 14 57 00 00   0.354   0.0085  14.93  16.52  -1.00 328891 407211
1 13 10 30 14 57 20 00    1    0 305.80 306.89 273.06 264.25 191.51 156.43 464364 559343 565162 652350
2    1 13 10 30 14 57 20 00   0.365   0.0073  14.66  15.88  -1.00 328713 406864
1 13 10 30 14 57 40 00    1    0 305.81 306.89 273.05 264.16 191.51 156.43 464453 559440 565098 652422
2    1 13 10 30 14 57 40 00   0.360   0.0072  14.56  15.80  -1.00 328753 406912
1 13 10 30 14 58 00 00    1    0 305.81 306.89 273.06 264.12 191.51 156.43 464436 559318 565114 652398
2    1 13 10 30 14 58 00 00   0.343   0.0074  14.39  15.85  -1.00 328648 406807
1 13 10 30 14 58 20 00    1    0 305.81 306.89 273.05 264.14 191.51 156.43 464428 559407 565146 652325
2    1 13 10 30 14 58 20 00   0.357   0.0082  14.83  16.32  -1.00 328874 407179
1 13 10 30 14 58 40 00    1    0 305.81 306.89 273.05 264.21 191.51 156.43 464347 559383 565089 652406
2    1 13 10 30 14 58 40 00   0.379   0.0061  14.44  15.25  -1.00 328583 406516
1 13 10 30 14 59 00 00    1    0 305.81 306.89 273.05 264.23 191.51 156.43 464372 559327 565138 652301
2    1 13 10 30 14 59 00 00   0.365   0.0049  13.85  14.53  -1.00 328292 406031
1 13 10 30 14 59 20 00    1    0 305.81 306.89 273.05 264.32 191.51 156.43 464339 559327 565049 652309
2    1 13 10 30 14 59 20 00   0.350   0.0043  13.48  14.19  -1.00 328066 405829
1 13 10 30 14 59 40 00    1    0 305.80 306.89 273.05 264.38 191.51 156.43 464347 559302 565033 652333
2    1 13 10 30 14 59 40 00   0.341   0.0089  14.88  16.68  -1.00 328810 407276
1 13 10 30 15 00 00 00    1    0 305.81 306.89 273.05 264.42 191.51 156.43 464380 559367 565106 652277
2    1 13 10 30 15 00 00 00   0.360   0.0093  15.23  16.92  -1.00 329028 407486
