0 1 020 4.16 06 06 09
0 2 13 11 05 191.710 156.520 290.000  -0.005  -0.001 0.00164 0.00217 1   14   50  500 3.00
0 3 1000 1000 1000 0100 0010  19.350  23.400  30.150  41.850  90.000 138.150 149.850 156.600 160.650  90.000 180.000   0.998   0.100
0 4 1000 1000 1000 0100 0001  90.000 180.000
0 5  0.7938E-02 0.2178E+02 -.1333E+02 0.71322E-01 -.1335E-01 -.8702E-01 0.4509E+00 0.28327E-02 251.596 249.963   2.750
0 6 0000   1.000 223.150
1 13 11 05 17 37 30 73    2    0 305.69 307.13 272.60 264.46 191.80 156.54 464873 559908 565801 653004
2    1 13 11 05 17 37 30 73   0.275   0.0019  11.88  12.69  -1.00 327807 405692
2    2 13 11 05 17 37 50 56   0.287   0.0053  13.28  14.73  -1.00 328543 406904
3 13 11 05 17 37 30 73 10 189.31 153.40 0.948 0.925   0.276   0.0125  15.77  18.93
4    1 343666 428679
4    2 337903 419618
4    3 333190 412918
4    4 330111 408901
4    5 327807 405692
4    6 329812 408868
4    7 332512 412441
4    8 335138 415148
4    9 338889 420346
4   10 328543 406904
1 13 11 05 17 38 22 57    2    0 305.71 307.11 272.59 264.46 191.80 156.54 464735 559779 565631 652899
2    1 13 11 05 17 38 22 57   0.306   0.0029  12.63  13.34  -1.00 328074 405950
2    2 13 11 05 17 38 42 58   0.291   0.0018  12.05  12.68  -1.00 327767 405554
3 13 11 05 17 38 22 57 10 190.27 154.49 0.986 0.980   0.267   0.0084  14.16  16.50
4    1 340311 422714
4    2 337183 418414
4    3 333490 413645
4    4 330564 409741
4    5 328074 405950
4    6 329715 408666
4    7 333926 414938
4    8 336003 416838
4    9 337992 418996
4   10 327767 405554
1 13 11 05 17 39 14 65    2    0 305.74 307.13 272.59 264.43 191.80 156.54 464646 559698 565494 652713
2    1 13 11 05 17 39 14 65   0.299   0.0012  11.94  12.36  -1.00 327630 405288
2    2 13 11 05 17 39 34 57   0.294   0.0016  12.01  12.56  -1.00 327670 405409
3 13 11 05 17 39 14 65 10 190.03 154.09 0.996 0.995   0.264   0.0081  14.03  16.34
4    1 338541 419699
4    2 336472 417589
4    3 333110 413071
4    4 330604 409846
4    5 327630 405288
4    6 329400 408117
4    7 333102 413298
4    8 336133 417016
4    9 339091 420968
4   10 327670 405409
1 13 11 05 17 40 06 60    2    0 305.76 307.13 272.59 264.34 191.80 156.54 464541 559617 565413 652608
2    1 13 11 05 17 40 06 60   0.294   0.0006  11.65  11.98  -1.00 327387 404997
2    2 13 11 05 17 40 26 57   0.295   0.0007  11.70  12.04  -1.00 327411 405029
3 13 11 05 17 40 06 60 10 189.12 152.81 0.971 0.953   0.263   0.0109  15.04  17.98
4    1 338816 420491
4    2 335017 415165
4    3 332495 412126
4    4 330499 409790
4    5 327387 404997
4    6 330030 409313
4    7 335058 416765
4    8 338428 421113
4    9 340667 423716
4   10 327411 405029
1 13 11 05 17 40 58 72    2    0 305.78 307.13 272.58 264.47 191.80 156.54 464566 559617 565429 652826
2    1 13 11 05 17 40 58 72   0.290   0.0008  11.65  12.05  -1.00 327420 405029
2    2 13 11 05 17 41 18 52   0.293   0.0006  11.65  11.98  -1.00 327419 404989
3 13 11 05 17 40 58 72 10 187.82 151.57 0.976 0.969   0.272   0.0154  16.78  20.62
4    1 339907 422374
4    2 336165 417072
4    3 332172 411584
4    4 329763 408416
4    5 327420 405029
4    6 329472 408327
4    7 333975 414817
4    8 338994 421768
4    9 342413 426577
4   10 327419 404989
1 13 11 05 17 41 50 76    2    0 305.76 307.10 272.58 264.49 191.80 156.54 464630 559755 565534 652754
2    1 13 11 05 17 41 50 76   0.285   0.0008  11.59  12.05  -1.00 327460 405174
2    2 13 11 05 17 42 10 64   0.310   0.0015  12.19  12.56  -1.00 327775 405482
3 13 11 05 17 41 50 76 10 188.24 151.62 0.979 0.971   0.271   0.0148  16.55  20.27
4    1 340174 422706
4    2 336803 418188
4    3 332132 411398
4    4 329618 408343
4    5 327460 405174
4    6 330030 409288
4    7 334556 415714
4    8 339261 422374
4    9 341726 425494
4   10 327775 405482
1 13 11 05 17 42 42 83    2    0 305.75 307.07 272.57 264.49 191.80 156.54 464679 559811 565599 652907
2    1 13 11 05 17 42 42 83   0.302   0.0031  12.67  13.49  -1.00 328082 406088
2    2 13 11 05 17 43 02 72   0.310   0.0017  12.26  12.67  -1.00 327864 405603
3 13 11 05 17 42 42 83 10 189.34 153.06 0.992 0.991   0.269   0.0124  15.67  18.88
4    1 340198 422932
4    2 336480 417614
4    3 333562 413904
4    4 330450 409660
4    5 328082 406088
4    6 330297 409701
4    7 334152 415068
4    8 338186 420354
4    9 341386 424532
4   10 327864 405603
1 13 11 05 17 43 34 95    2    0 305.73 307.05 272.57 264.44 191.80 156.54 464800 559844 565760 653085
2    1 13 11 05 17 43 34 95   0.293   0.0058  13.52  15.03  -1.00 328656 407025
2    2 13 11 05 17 43 54 76   0.291   0.0060  13.59  15.15  -1.00 328688 407098
3 13 11 05 17 43 34 95 10 189.80 153.98 0.994 0.995   0.273   0.0139  16.23  19.72
4    1 341734 425373
4    2 337798 419667
4    3 334265 415011
4    4 331453 411285
4    5 328656 407025
4    6 330911 410857
4    7 334492 415844
4    8 338776 421421
4    9 342308 426173
4   10 328688 407098
1 13 11 05 17 44 26 83    2    0 305.72 307.03 272.56 264.42 191.80 156.54 464816 559933 565720 653029
2    1 13 11 05 17 44 26 83   0.288   0.0047  13.08  14.40  -1.00 328446 406743
2    2 13 11 05 17 44 46 92   0.303   0.0077  14.38  16.21  -1.00 329125 407817
3 13 11 05 17 44 26 83 10 190.09 154.16 0.953 0.937   0.268   0.0130  15.88  19.23
4    1 339155 421146
4    2 336512 417557
4    3 332988 412748
4    4 330531 409676
4    5 328446 406743
4    6 330321 409660
4    7 334492 415674
4    8 339552 422673
4    9 343722 428525
4   10 329125 407817
1 13 11 05 17 45 19 16    2    0 305.73 307.03 272.56 264.43 191.80 156.54 464687 559852 565631 652899
2    1 13 11 05 17 45 19 16   0.314   0.0097  15.21  17.37  -1.00 329440 408432
2    2 13 11 05 17 45 39 00   0.319   0.0041  13.24  14.10  -1.00 328406 406492
3 13 11 05 17 45 19 16 10 190.96 154.87 0.915 0.884   0.266   0.0115  15.30  18.36
4    1 337596 418333
4    2 335704 416369
4    3 332980 412918
4    4 330572 409854
4    5 329440 408432
4    6 329472 408375
4    7 333231 413427
4    8 339034 421728
4    9 344312 429681
4   10 328406 406492
1 13 11 05 17 46 11 07    2    0 305.73 307.04 272.55 264.46 191.80 156.54 464711 559820 565542 652859
2    1 13 11 05 17 46 11 07   0.298   0.0032  12.64  13.51  -1.00 328123 406112
2    2 13 11 05 17 46 30 95   0.293   0.0047  13.13  14.39  -1.00 328381 406637
3 13 11 05 17 46 11 07 10 190.26 154.46 0.958 0.947   0.269   0.0096  14.65  17.25
4    1 338089 419473
4    2 335842 416611
4    3 333126 413306
4    4 330256 409321
4    5 328123 406112
4    6 330273 409830
4    7 331841 411156
4    8 336666 417573
4    9 342389 426125
4   10 328381 406637
1 13 11 05 17 47 02 94    2    0 305.75 307.05 272.55 264.49 191.80 156.54 464638 559763 565510 652843
2    1 13 11 05 17 47 02 94   0.296   0.0045  13.09  14.27  -1.00 328292 406508
2    2 13 11 05 17 47 22 90   0.313   0.0068  14.15  15.68  -1.00 328850 407349
3 13 11 05 17 47 02 94 10 192.21 156.86 0.988 0.980   0.265   0.0049  12.85  14.44
4    1 338323 419683
4    2 336302 417387
4    3 334233 415035
4    4 332140 412578
4    5 328292 406508
4    6 330968 410905
4    7 333764 414599
4    8 335664 416240
4    9 339859 421712
4   10 328850 407349
1 13 11 05 17 47 55 07    2    0 305.76 307.06 272.55 264.36 191.80 156.54 464663 559723 565485 652826
2    1 13 11 05 17 47 55 07   0.301   0.0087  14.68  16.75  -1.00 329165 407939
2    2 13 11 05 17 48 14 85   0.289   0.0064  13.70  15.37  -1.00 328648 407122
3 13 11 05 17 47 55 07 10 193.28 158.46 0.985 0.978   0.259   0.0024  11.88  12.96
4    1 337490 418276
4    2 335648 416215
4    3 334055 414712
4    4 331962 412166
4    5 329165 407939
4    6 330119 409377
4    7 332867 412974
4    8 335817 416361
4    9 338662 419780
4   10 328648 407122
1 13 11 05 17 48 47 16    2    0 305.76 307.05 272.55 264.41 191.80 156.54 464606 559739 565453 652843
2    1 13 11 05 17 48 47 16   0.324   0.0090  15.11  17.03  -1.00 329343 408125
2    2 13 11 05 17 49 06 94   0.307   0.0094  15.02  17.20  -1.00 329295 408222
3 13 11 05 17 48 47 16 10 194.70 159.93 0.977 0.961   0.248   0.0002  10.93  11.64
4    1 336343 416183
4    2 335017 415124
4    3 333675 414195
4    4 330741 409959
4    5 329343 408125
4    6 330976 410719
4    7 332221 411802
4    8 335656 416272
4    9 338428 419570
4   10 329295 408222
1 13 11 05 17 49 39 00    2    0 305.76 307.05 272.54 264.45 191.80 156.54 464655 559795 565558 652907
2    1 13 11 05 17 49 39 00   0.304   0.0046  13.23  14.35  -1.00 328406 406589
2    2 13 11 05 17 49 58 77   0.286   0.0053  13.27  14.74  -1.00 328430 406823
3 13 11 05 17 49 39 00 10 192.28 156.91 0.948 0.920   0.258   0.0042  12.50  13.99
4    1 336011 415722
4    2 334371 414170
4    3 332406 412263
4    4 329990 408820
4    5 328406 406589
4    6 330054 409305
4    7 333619 414195
4    8 337442 419093
4    9 339608 421623
4   10 328430 406823
1 13 11 05 17 50 30 84    2    0 305.75 307.05 272.54 264.51 191.80 156.54 464687 559779 565574 652810
2    1 13 11 05 17 50 30 84   0.283   0.0025  12.21  13.08  -1.00 327904 405821
2    2 13 11 05 17 50 50 68   0.278   0.0059  13.39  15.08  -1.00 328527 407009
3 13 11 05 17 50 30 84 10 191.20 155.58 0.948 0.919   0.260   0.0067  13.47  15.51
4    1 336925 417315
4    2 334807 415003
4    3 332568 412150
4    4 330588 409911
4    5 327904 405821
4    6 330636 410178
4    7 334621 415941
4    8 338291 420693
4    9 340667 423385
4   10 328527 407009
1 13 11 05 17 51 22 43    2    0 305.75 307.04 272.54 264.49 191.80 156.54 464744 559811 565615 652915
2    1 13 11 05 17 51 22 43   0.296   0.0067  13.90  15.58  -1.00 328858 407341
2    2 13 11 05 17 51 42 27   0.299   0.0076  14.27  16.11  -1.00 329052 407656
3 13 11 05 17 51 22 43 10 192.40 157.09 0.937 0.903   0.257   0.0059  13.12  15.00
4    1 337272 417888
4    2 334597 414389
4    3 332625 412368
4    4 330143 409305
4    5 328858 407341
4    6 331808 412247
4    7 334532 415763
4    8 338000 420047
4    9 341370 424637
4   10 329052 407656
1 13 11 05 17 52 14 35    2    0 305.76 307.04 272.54 264.67 191.80 156.54 464646 559763 565566 652883
2    1 13 11 05 17 52 14 35   0.296   0.0075  14.22  16.09  -1.00 328931 407591
2    2 13 11 05 17 52 34 11   0.299   0.0091  14.82  17.01  -1.00 329246 408141
3 13 11 05 17 52 14 35 10 192.93 157.87 0.898 0.842   0.274   0.0049  12.96  14.46
4    1 336884 416999
4    2 333966 413298
4    3 332237 411713
4    4 330669 409984
4    5 328931 407591
4    6 332172 412861
4    7 335260 416757
4    8 338565 420911
4    9 342025 425349
4   10 329246 408141
1 13 11 05 17 53 06 30    2    0 305.76 307.04 272.53 264.64 191.80 156.54 464711 559820 565639 652802
2    1 13 11 05 17 53 06 30   0.306   0.0063  13.88  15.36  -1.00 328818 407227
2    2 13 11 05 17 53 26 18   0.298   0.0073  14.14  15.93  -1.00 328955 407567
3 13 11 05 17 53 06 30 10 191.57 155.68 0.954 0.939   0.265   0.0089  14.31  16.78
4    1 339689 422099
4    2 334953 415084
4    3 331509 410501
4    4 330329 409482
4    5 328818 407227
4    6 331728 412037
4    7 333764 414364
4    8 337951 419659
4    9 341629 424912
4   10 328955 407567
1 13 11 05 17 53 58 26    2    0 305.76 307.04 272.53 264.66 191.80 156.54 464711 559739 565526 652818
2    1 13 11 05 17 53 58 26   0.270   0.0050  12.97  14.54  -1.00 328349 406662
2    2 13 11 05 17 54 17 98   0.274   0.0062  13.45  15.23  -1.00 328600 407074
3 13 11 05 17 53 58 26 10 191.65 156.56 0.975 0.961   0.267   0.0055  13.12  14.84
4    1 338226 419376
4    2 335268 415601
4    3 332204 411762
4    4 329949 408812
4    5 328349 406662
4    6 331776 412101
4    7 334379 415383
4    8 337151 418648
4    9 339568 421453
4   10 328600 407074
1 13 11 05 17 54 50 10    2    0 305.76 307.04 272.53 264.73 191.80 156.54 464638 559763 565591 652835
2    1 13 11 05 17 54 50 10   0.308   0.0085  14.71  16.66  -1.00 329190 407947
2    2 13 11 05 17 55 09 81   0.297   0.0073  14.15  15.97  -1.00 328899 407535
3 13 11 05 17 54 50 10 10 193.03 157.68 0.942 0.899   0.265   0.0048  12.84  14.41
4    1 338355 419570
4    2 335009 415019
4    3 332229 411544
4    4 329497 408092
4    5 329190 407947
4    6 332075 412602
4    7 336141 418543
4    8 337733 419594
4    9 339560 421437
4   10 328899 407535
1 13 11 05 17 55 41 86    2    0 305.76 307.04 272.53 264.63 191.80 156.54 464598 559771 565534 652794
2    1 13 11 05 17 55 41 86   0.317   0.0033  12.92  13.63  -1.00 328212 406161
2    2 13 11 05 17 56 01 88   0.314   0.0049  13.46  14.55  -1.00 328495 406710
3 13 11 05 17 55 41 86 10 190.48 154.03 0.975 0.963   0.253   0.0111  14.99  18.08
4    1 340287 423110
4    2 336779 418317
4    3 332730 412392
4    4 329408 407882
4    5 328212 406161
4    6 331954 412465
4    7 335526 417331
4    8 338695 421340
4    9 340214 422859
4   10 328495 406710
1 13 11 05 17 56 34 21    2    0 305.76 307.02 272.52 264.65 191.80 156.54 464695 559731 565542 652923
2    1 13 11 05 17 56 34 21   0.260   0.0026  11.94  13.06  -1.00 327799 405773
2    2 13 11 05 17 56 53 92   0.270   0.0028  12.17  13.25  -1.00 327921 405886
3 13 11 05 17 56 34 21 10 189.60 154.03 0.988 0.979   0.266   0.0103  14.84  17.61
4    1 339180 421041
4    2 337216 419093
4    3 333094 413047
4    4 329966 408909
4    5 327799 405773
4    6 330798 410315
4    7 334961 416417
4    8 338137 420564
4    9 339867 422051
4   10 327921 405886
1 13 11 05 17 57 25 88    2    0 305.76 307.02 272.52 264.66 191.80 156.54 464671 559723 565526 652907
2    1 13 11 05 17 57 25 88   0.271   0.0018  11.81  12.63  -1.00 327711 405506
2    2 13 11 05 17 57 45 76   0.272   0.0017  11.76  12.55  -1.00 327686 405457
3 13 11 05 17 57 25 88 10 189.95 154.33 0.975 0.961   0.263   0.0084  14.12  16.51
4    1 337539 418333
4    2 335793 416571
4    3 332762 412635
4    4 329650 408302
4    5 327711 405506
4    6 330580 410170
4    7 334168 415035
4    8 338048 420362
4    9 339907 422091
4   10 327686 405457
1 13 11 05 17 58 18 12    2    0 305.75 307.02 272.52 264.54 191.80 156.54 464703 559650 565566 652883
2    1 13 11 05 17 58 18 12   0.259   0.0026  11.94  13.06  -1.00 327816 405676
2    2 13 11 05 17 58 38 09   0.256   0.0027  11.95  13.14  -1.00 327824 405724
3 13 11 05 17 58 18 12 10 190.25 154.90 0.982 0.971   0.262   0.0078  13.91  16.18
4    1 337531 418349
4    2 336076 417161
4    3 333740 414292
4    4 330176 409369
4    5 327816 405676
4    6 330548 410186
4    7 334144 415060
4    8 337660 419618
4    9 339923 422164
4   10 327824 405724
1 13 11 05 17 59 10 24    2    0 305.76 307.02 272.52 264.57 191.80 156.54 464663 559795 565574 652859
2    1 13 11 05 17 59 10 24   0.281   0.0037  12.61  13.76  -1.00 328131 406241
2    2 13 11 05 17 59 30 01   0.293   0.0040  12.88  13.99  -1.00 328276 406379
3 13 11 05 17 59 10 24 10 192.08 156.51 0.948 0.901   0.253   0.0039  12.35  13.84
4    1 336149 415835
4    2 334637 414461
4    3 333651 413960
4    4 331841 412158
4    5 328131 406241
4    6 330588 410194
4    7 334322 415439
4    8 337426 419529
4    9 339746 422043
4   10 328276 406379
1 13 11 05 18 00 02 11    2    0 305.76 307.02 272.52 264.62 191.80 156.54 464727 559803 565550 652948
2    1 13 11 05 18 00 02 11   0.284   0.0072  13.94  15.85  -1.00 328899 407486
2    2 13 11 05 18 00 21 88   0.283   0.0056  13.35  14.92  -1.00 328591 406936
3 13 11 05 18 00 02 11 10 192.63 157.58 0.913 0.866   0.249   0.0039  12.29  13.81
4    1 336165 416135
4    2 333748 413144
4    3 331404 410347
4    4 329424 407963
4    5 328899 407486
4    6 330911 410630
4    7 334678 416151
4    8 337757 419844
4    9 339834 421970
4   10 328591 406936
