0 1 020 4.16 06 06 09
0 2 13 10 29 192.015 156.630 290.000   0.030   0.012 0.00164 0.00217 1   14   50  500 3.00
0 3 1000 1000 1000 0100 0010  19.350  23.400  30.150  41.850  90.000 138.150 149.850 156.600 160.650  90.000 180.000   0.998   0.100
0 4 1000 1000 1000 0100 0001  90.000 180.000
0 5  0.2127E-01 0.2119E+02 -.1264E+02 0.60048E-01 -.1420E-01 -.1135E+00 0.5016E+00 0.21651E-02 255.160 253.165   2.750
0 6 0000   1.000 223.150
1 13 10 30 13 00 40 00    1    0 305.80 306.91 273.41 264.68 191.52 156.43 464760 559698 565421 652665
2    1 13 10 30 13 00 40 00   0.372   0.0143  17.05  19.68  -1.00 330176 409256
1 13 10 30 13 01 00 00    1    0 305.80 306.90 273.41 264.66 191.52 156.43 464744 559674 565380 652705
2    1 13 10 30 13 01 00 00   0.373   0.0124  16.44  18.67  -1.00 329844 408626
1 13 10 30 13 01 20 00    1    0 305.80 306.90 273.41 264.60 191.52 156.43 464768 559674 565405 652673
2    1 13 10 30 13 01 20 00   0.368   0.0125  16.42  18.71  -1.00 329860 408650
1 13 10 30 13 01 40 00    1    0 305.81 306.89 273.41 264.55 191.52 156.43 464614 559617 565429 652511
2    1 13 10 30 13 01 40 00   0.385   0.0124  16.59  18.68  -1.00 329788 408577
1 13 10 30 13 02 00 00    1    0 305.80 306.89 273.41 264.58 191.52 156.43 464695 559747 565388 652681
2    1 13 10 30 13 02 00 00   0.378   0.0121  16.42  18.54  -1.00 329780 408626
1 13 10 30 13 02 20 00    1    0 305.81 306.89 273.41 264.56 191.52 156.43 464711 559650 565421 652544
2    1 13 10 30 13 02 20 00   0.371   0.0124  16.42  18.65  -1.00 329796 408602
1 13 10 30 13 02 40 00    1    0 305.81 306.89 273.41 264.53 191.52 156.43 464671 559626 565421 652673
2    1 13 10 30 13 02 40 00   0.371   0.0120  16.30  18.46  -1.00 329691 408456
1 13 10 30 13 03 00 00    1    0 305.81 306.89 273.41 264.56 191.52 156.43 464671 559617 565405 652568
2    1 13 10 30 13 03 00 00   0.378   0.0117  16.26  18.27  -1.00 329666 408335
1 13 10 30 13 03 20 00    1    0 305.81 306.89 273.41 264.54 191.52 156.43 464695 559650 565421 652697
2    1 13 10 30 13 03 20 00   0.379   0.0116  16.26  18.25  -1.00 329691 408351
1 13 10 30 13 03 40 00    1    0 305.81 306.89 273.41 264.54 191.52 156.43 464687 559714 565461 652657
2    1 13 10 30 13 03 40 00   0.386   0.0131  16.82  19.06  -1.00 329974 408892
1 13 10 30 13 04 00 00    1    0 305.81 306.89 273.41 264.64 191.52 156.43 464711 559650 565372 652576
2    1 13 10 30 13 04 00 00   0.380   0.0131  16.75  19.05  -1.00 329966 408828
1 13 10 30 13 04 20 00    1    0 305.81 306.89 273.41 264.66 191.52 156.43 464590 559504 565259 652568
2    1 13 10 30 13 04 20 00   0.377   0.0111  16.07  17.98  -1.00 329489 408036
1 13 10 30 13 04 40 00    1    0 305.82 306.89 273.41 264.66 191.52 156.43 464671 559585 565275 652568
2    1 13 10 30 13 04 40 00   0.364   0.0080  14.87  16.25  -1.00 328947 407090
1 13 10 30 13 05 00 00    1    0 305.81 306.89 273.41 264.63 191.52 156.43 464574 559650 565372 652544
2    1 13 10 30 13 05 00 00   0.386   0.0093  15.57  17.00  -1.00 329214 407607
1 13 10 30 13 05 20 00    1    0 305.81 306.89 273.41 264.53 191.52 156.43 464655 559642 565397 652552
2    1 13 10 30 13 05 20 00   0.373   0.0094  15.45  17.03  -1.00 329230 407623
1 13 10 30 13 05 40 00    1    0 305.82 306.89 273.41 264.54 191.52 156.43 464703 559682 565388 652649
2    1 13 10 30 13 05 40 00   0.372   0.0090  15.31  16.81  -1.00 329206 407535
1 13 10 30 13 06 00 00    1    0 305.82 306.89 273.40 264.52 191.52 156.43 464638 559601 565429 652624
2    1 13 10 30 13 06 00 00   0.368   0.0106  15.80  17.69  -1.00 329392 407971
1 13 10 30 13 06 20 00    1    0 305.82 306.89 273.41 264.52 191.52 156.43 464727 559658 565397 652584
2    1 13 10 30 13 06 20 00   0.364   0.0101  15.56  17.39  -1.00 329359 407850
1 13 10 30 13 06 40 00    1    0 305.82 306.89 273.40 264.49 191.52 156.43 464679 559634 565461 652657
2    1 13 10 30 13 06 40 00   0.366   0.0104  15.69  17.56  -1.00 329375 407923
1 13 10 30 13 07 00 00    1    0 305.81 306.89 273.40 264.47 191.52 156.43 464687 559666 565380 652576
2    1 13 10 30 13 07 00 00   0.375   0.0098  15.63  17.28  -1.00 329351 407793
1 13 10 30 13 07 20 00    1    0 305.82 306.89 273.40 264.44 191.52 156.43 464719 559666 565364 652616
2    1 13 10 30 13 07 20 00   0.372   0.0112  16.03  18.01  -1.00 329602 408230
1 13 10 30 13 07 40 00    1    0 305.81 306.89 273.40 264.38 191.52 156.43 464735 559674 565364 652608
2    1 13 10 30 13 07 40 00   0.370   0.0098  15.56  17.26  -1.00 329375 407793
1 13 10 30 13 08 00 00    1    0 305.81 306.89 273.40 264.35 191.52 156.43 464719 559634 565397 652584
2    1 13 10 30 13 08 00 00   0.362   0.0097  15.41  17.17  -1.00 329287 407704
1 13 10 30 13 08 20 00    1    0 305.81 306.89 273.40 264.36 191.52 156.43 464687 559723 565405 652665
2    1 13 10 30 13 08 20 00   0.378   0.0075  14.89  16.01  -1.00 328979 407106
1 13 10 30 13 08 40 00    1    0 305.81 306.89 273.40 264.37 191.52 156.43 464760 559739 565413 652576
2    1 13 10 30 13 08 40 00   0.363   0.0067  14.41  15.50  -1.00 328802 406831
1 13 10 30 13 09 00 00    1    0 305.81 306.89 273.40 264.34 191.52 156.43 464735 559682 565380 652624
2    1 13 10 30 13 09 00 00   0.365   0.0084  15.02  16.46  -1.00 329101 407341
1 13 10 30 13 09 20 00    1    0 305.81 306.89 273.40 264.42 191.52 156.43 464752 559747 565437 652665
2    1 13 10 30 13 09 20 00   0.364   0.0100  15.52  17.32  -1.00 329384 407923
1 13 10 30 13 09 40 00    1    0 305.81 306.89 273.40 264.49 191.52 156.43 464655 559674 565437 652552
2    1 13 10 30 13 09 40 00   0.377   0.0097  15.61  17.22  -1.00 329327 407793
1 13 10 30 13 10 00 00    1    0 305.81 306.89 273.39 264.46 191.52 156.43 464622 559666 565364 652673
2    1 13 10 30 13 10 00 00   0.371   0.0088  15.22  16.69  -1.00 329093 407470
1 13 10 30 13 10 20 00    1    0 305.81 306.89 273.39 264.47 191.52 156.43 464679 559731 565380 652665
2    1 13 10 30 13 10 20 00   0.381   0.0093  15.52  16.99  -1.00 329303 407712
1 13 10 30 13 10 40 00    1    0 305.81 306.89 273.39 264.45 191.52 156.43 464703 559666 565421 652705
2    1 13 10 30 13 10 40 00   0.368   0.0097  15.47  17.16  -1.00 329303 407745
1 13 10 30 13 11 00 00    1    0 305.82 306.89 273.39 264.35 191.52 156.43 464719 559666 565308 652608
2    1 13 10 30 13 11 00 00   0.367   0.0092  15.32  16.93  -1.00 329246 407607
1 13 10 30 13 11 20 00    1    0 305.81 306.89 273.39 264.29 191.52 156.43 464687 559682 565340 652592
2    1 13 10 30 13 11 20 00   0.376   0.0100  15.70  17.39  -1.00 329416 407898
1 13 10 30 13 11 40 00    1    0 305.82 306.89 273.39 264.29 191.52 156.43 464671 559617 565348 652600
2    1 13 10 30 13 11 40 00   0.366   0.0127  16.45  18.81  -1.00 329796 408674
1 13 10 30 13 12 00 00    1    0 305.82 306.89 273.39 264.27 191.52 156.43 464654 559650 565372 652624
2    1 13 10 30 13 12 00 00   0.362   0.0121  16.20  18.48  -1.00 329650 408513
1 13 10 30 13 12 20 00    1    0 305.82 306.90 273.38 264.28 191.52 156.43 464638 559512 565340 652535
2    1 13 10 30 13 12 20 00   0.363   0.0122  16.25  18.53  -1.00 329658 408399
1 13 10 30 13 12 40 00    1    0 305.81 306.90 273.38 264.31 191.52 156.43 464622 559601 565275 652552
2    1 13 10 30 13 12 40 00   0.374   0.0112  16.07  18.04  -1.00 329553 408197
1 13 10 30 13 13 00 00    1    0 305.82 306.90 273.38 264.31 191.52 156.43 464566 559642 565388 652552
2    1 13 10 30 13 13 00 00   0.394   0.0106  16.12  17.73  -1.00 329513 408060
1 13 10 30 13 13 20 00    1    0 305.81 306.90 273.38 264.31 191.52 156.43 464606 559609 565388 652641
2    1 13 10 30 13 13 20 00   0.375   0.0120  16.33  18.44  -1.00 329658 408440
1 13 10 30 13 13 40 00    1    0 305.81 306.90 273.38 264.34 191.52 156.43 464663 559601 565316 652527
2    1 13 10 30 13 13 40 00   0.373   0.0122  16.38  18.55  -1.00 329747 408505
1 13 10 30 13 14 00 00    1    0 305.82 306.90 273.38 264.25 191.52 156.43 464630 559529 565267 652568
2    1 13 10 30 13 14 00 00   0.350   0.0118  15.94  18.26  -1.00 329489 408254
1 13 10 30 13 14 20 00    1    0 305.81 306.90 273.38 264.25 191.52 156.43 464638 559682 565300 652608
2    1 13 10 30 13 14 20 00   0.390   0.0133  16.95  19.19  -1.00 330030 408957
1 13 10 30 13 14 40 00    1    0 305.81 306.89 273.38 264.21 191.52 156.43 464671 559626 565388 652592
2    1 13 10 30 13 14 40 00   0.373   0.0120  16.32  18.46  -1.00 329731 408472
1 13 10 30 13 15 00 00    1    0 305.82 306.89 273.38 264.23 191.52 156.43 464614 559666 565340 652544
2    1 13 10 30 13 15 00 00   0.385   0.0105  15.95  17.65  -1.00 329481 408036
1 13 10 30 13 15 20 00    1    0 305.81 306.89 273.38 264.32 191.52 156.43 464590 559569 565348 652487
2    1 13 10 30 13 15 20 00   0.371   0.0123  16.39  18.62  -1.00 329683 408521
1 13 10 30 13 15 40 00    1    0 305.82 306.90 273.38 264.34 191.52 156.43 464655 559577 565308 652544
2    1 13 10 30 13 15 40 00   0.367   0.0108  15.84  17.79  -1.00 329464 408036
1 13 10 30 13 16 00 00    1    0 305.81 306.89 273.37 264.34 191.52 156.43 464614 559520 565203 652495
2    1 13 10 30 13 16 00 00   0.362   0.0124  16.29  18.62  -1.00 329666 408472
1 13 10 30 13 16 20 00    1    0 305.81 306.89 273.37 264.35 191.52 156.43 464630 559520 565324 652568
2    1 13 10 30 13 16 20 00   0.362   0.0128  16.43  18.85  -1.00 329755 408601
1 13 10 30 13 16 40 00    1    0 305.81 306.89 273.37 264.38 191.52 156.43 464590 559569 565308 652560
2    1 13 10 30 13 16 40 00   0.373   0.0125  16.46  18.71  -1.00 329731 408561
1 13 10 30 13 17 00 00    1    0 305.82 306.89 273.37 264.53 191.52 156.43 464574 559593 565267 652487
2    1 13 10 30 13 17 00 00   0.383   0.0106  15.98  17.71  -1.00 329464 408003
1 13 10 30 13 17 20 00    1    0 305.81 306.89 273.37 264.58 191.52 156.43 464549 559537 565203 652535
2    1 13 10 30 13 17 20 00   0.378   0.0106  15.90  17.68  -1.00 329400 407923
1 13 10 30 13 17 40 00    1    0 305.81 306.89 273.37 264.55 191.52 156.43 464614 559609 565283 652527
2    1 13 10 30 13 17 40 00   0.364   0.0106  15.72  17.64  -1.00 329375 407979
1 13 10 30 13 18 00 00    1    0 305.81 306.89 273.36 264.59 191.52 156.43 464606 559569 565283 652535
2    1 13 10 30 13 18 00 00   0.375   0.0124  16.47  18.67  -1.00 329763 408553
1 13 10 30 13 18 20 00    1    0 305.81 306.89 273.36 264.57 191.52 156.43 464655 559682 565388 652495
2    1 13 10 30 13 18 20 00   0.368   0.0115  16.09  18.17  -1.00 329610 408383
1 13 10 30 13 18 40 00    1    0 305.81 306.89 273.36 264.64 191.52 156.43 464622 559674 565308 652560
2    1 13 10 30 13 18 40 00   0.377   0.0117  16.25  18.29  -1.00 329666 408448
1 13 10 30 13 19 00 00    1    0 305.81 306.89 273.36 264.62 191.52 156.43 464566 559593 565267 652479
2    1 13 10 30 13 19 00 00   0.386   0.0111  16.18  17.98  -1.00 329569 408189
1 13 10 30 13 19 20 00    1    0 305.81 306.90 273.35 264.66 191.52 156.43 464638 559537 565275 652447
2    1 13 10 30 13 19 20 00   0.359   0.0110  15.80  17.86  -1.00 329448 408068
1 13 10 30 13 19 40 00    1    0 305.81 306.89 273.35 264.59 191.52 156.43 464590 559593 565356 652544
2    1 13 10 30 13 19 40 00   0.366   0.0105  15.73  17.63  -1.00 329359 407987
1 13 10 30 13 20 00 00    1    0 305.81 306.89 273.35 264.55 191.52 156.43 464614 559529 565275 652495
2    1 13 10 30 13 20 00 00   0.365   0.0101  15.57  17.38  -1.00 329303 407777
1 13 10 30 13 20 20 00    1    0 305.82 306.89 273.35 264.49 191.52 156.43 464630 559585 565259 652592
2    1 13 10 30 13 20 20 00   0.352   0.0101  15.40  17.35  -1.00 329238 407809
1 13 10 30 13 20 40 00    1    0 305.81 306.89 273.34 264.42 191.52 156.43 464606 559601 565308 652519
2    1 13 10 30 13 20 40 00   0.363   0.0098  15.46  17.23  -1.00 329246 407761
1 13 10 30 13 21 00 00    1    0 305.82 306.89 273.34 264.34 191.52 156.43 464622 559520 565332 652471
2    1 13 10 30 13 21 00 00   0.349   0.0113  15.77  18.01  -1.00 329424 408141
1 13 10 30 13 21 20 00    1    0 305.81 306.89 273.34 264.27 191.52 156.43 464638 559577 565235 652552
2    1 13 10 30 13 21 20 00   0.361   0.0101  15.52  17.36  -1.00 329311 407809
1 13 10 30 13 21 40 00    1    0 305.81 306.89 273.35 264.21 191.52 156.43 464533 559529 565300 652479
2    1 13 10 30 13 21 40 00   0.375   0.0098  15.62  17.27  -1.00 329254 407704
1 13 10 30 13 22 00 00    1    0 305.81 306.89 273.34 264.17 191.52 156.43 464582 559569 565340 652584
2    1 13 10 30 13 22 00 00   0.371   0.0105  15.79  17.64  -1.00 329392 407963
1 13 10 30 13 22 20 00    1    0 305.81 306.89 273.34 264.12 191.52 156.43 464574 559537 565291 652503
2    1 13 10 30 13 22 20 00   0.375   0.0107  15.89  17.72  -1.00 329432 407979
1 13 10 30 13 22 40 00    1    0 305.81 306.89 273.34 264.18 191.52 156.43 464598 559553 565283 652447
2    1 13 10 30 13 22 40 00   0.372   0.0094  15.44  17.03  -1.00 329222 407591
1 13 10 30 13 23 00 00    1    0 305.81 306.89 273.34 264.27 191.52 156.43 464590 559553 565291 652503
2    1 13 10 30 13 23 00 00   0.369   0.0089  15.22  16.73  -1.00 329101 407413
1 13 10 30 13 23 20 00    1    0 305.81 306.89 273.34 264.23 191.52 156.43 464622 559553 565259 652447
2    1 13 10 30 13 23 20 00   0.359   0.0090  15.13  16.77  -1.00 329085 407438
1 13 10 30 13 23 40 00    1    0 305.81 306.89 273.34 264.18 191.52 156.43 464574 559512 565235 652544
2    1 13 10 30 13 23 40 00   0.367   0.0094  15.36  17.01  -1.00 329165 407535
1 13 10 30 13 24 00 00    1    0 305.81 306.89 273.33 264.19 191.52 156.43 464517 559553 565243 652511
2    1 13 10 30 13 24 00 00   0.380   0.0087  15.30  16.65  -1.00 329076 407365
1 13 10 30 13 24 20 00    1    0 305.81 306.89 273.33 264.18 191.51 156.43 464558 559512 565243 652438
2    1 13 10 30 13 24 20 00   0.370   0.0090  15.27  16.79  -1.00 329101 407413
1 13 10 30 13 24 40 00    1    0 305.81 306.89 273.33 264.12 191.51 156.43 464558 559545 565316 652463
2    1 13 10 30 13 24 40 00   0.371   0.0089  15.28  16.78  -1.00 329101 407438
1 13 10 30 13 25 00 00    1    0 305.81 306.89 273.33 264.08 191.51 156.43 464574 559569 565227 652438
2    1 13 10 30 13 25 00 00   0.380   0.0091  15.46  16.91  -1.00 329214 407551
1 13 10 30 13 25 20 00    1    0 305.81 306.90 273.33 264.20 191.51 156.43 464517 559448 565235 652447
2    1 13 10 30 13 25 20 00   0.374   0.0094  15.47  17.04  -1.00 329165 407502
1 13 10 30 13 25 40 00    1    0 305.81 306.90 273.32 264.16 191.51 156.43 464550 559415 565106 652277
2    1 13 10 30 13 25 40 00   0.362   0.0092  15.25  16.90  -1.00 329093 407397
1 13 10 30 13 26 00 00    1    0 305.81 306.90 273.32 264.15 191.51 156.43 464566 559504 565235 652422
2    1 13 10 30 13 26 00 00   0.365   0.0100  15.56  17.35  -1.00 329270 407753
1 13 10 30 13 26 20 00    1    0 305.82 306.90 273.32 264.08 191.51 156.43 464525 559537 565283 652414
2    1 13 10 30 13 26 20 00   0.383   0.0098  15.70  17.26  -1.00 329303 407737
1 13 10 30 13 26 40 00    1    0 305.81 306.89 273.32 264.08 191.51 156.43 464606 559561 565243 652511
2    1 13 10 30 13 26 40 00   0.369   0.0095  15.42  17.05  -1.00 329238 407640
1 13 10 30 13 27 00 00    1    0 305.81 306.89 273.32 264.07 191.51 156.43 464566 559440 565219 652422
2    1 13 10 30 13 27 00 00   0.366   0.0095  15.40  17.07  -1.00 329190 407527
1 13 10 30 13 27 20 00    1    0 305.81 306.89 273.32 264.01 191.51 156.43 464574 559561 565211 652487
2    1 13 10 30 13 27 20 00   0.374   0.0083  15.11  16.45  -1.00 329052 407284
1 13 10 30 13 27 40 00    1    0 305.82 306.90 273.31 263.95 191.51 156.43 464533 559593 565211 652471
2    1 13 10 30 13 27 40 00   0.377   0.0077  14.95  16.13  -1.00 328931 407130
1 13 10 30 13 28 00 00    1    0 305.81 306.91 273.31 263.95 191.51 156.43 464533 559440 565267 652503
2    1 13 10 30 13 28 00 00   0.364   0.0088  15.13  16.67  -1.00 329020 407292
1 13 10 30 13 28 20 00    1    0 305.81 306.90 273.31 263.99 191.51 156.43 464525 559504 565203 652398
2    1 13 10 30 13 28 20 00   0.367   0.0090  15.23  16.78  -1.00 329068 407421
1 13 10 30 13 28 40 00    1    0 305.81 306.91 273.30 264.12 191.51 156.43 464533 559504 565267 652503
2    1 13 10 30 13 28 40 00   0.381   0.0087  15.33  16.68  -1.00 329125 407365
1 13 10 30 13 29 00 00    1    0 305.81 306.90 273.31 264.14 191.51 156.43 464598 559520 565259 652374
2    1 13 10 30 13 29 00 00   0.347   0.0081  14.66  16.22  -1.00 328842 407114
1 13 10 30 13 29 20 00    1    0 305.81 306.91 273.30 264.19 191.51 156.43 464517 559480 565211 652438
2    1 13 10 30 13 29 20 00   0.363   0.0098  15.46  17.23  -1.00 329182 407672
1 13 10 30 13 29 40 00    1    0 305.81 306.90 273.30 264.23 191.51 156.43 464517 559440 565138 652463
2    1 13 10 30 13 29 40 00   0.366   0.0089  15.20  16.76  -1.00 329052 407349
1 13 10 30 13 30 00 00    1    0 305.81 306.90 273.30 264.29 191.51 156.43 464501 559464 565227 652430
2    1 13 10 30 13 30 00 00   0.373   0.0072  14.73  15.85  -1.00 328786 406831
1 13 10 30 13 30 20 00    1    0 305.81 306.90 273.29 264.39 191.51 156.43 464485 559496 565235 652438
2    1 13 10 30 13 30 20 00   0.376   0.0073  14.80  15.90  -1.00 328802 406896
1 13 10 30 13 30 40 00    1    0 305.81 306.90 273.29 264.34 191.51 156.43 464541 559488 565300 652422
2    1 13 10 30 13 30 40 00   0.363   0.0072  14.59  15.79  -1.00 328745 406823
1 13 10 30 13 31 00 00    1    0 305.82 306.90 273.29 264.32 191.51 156.43 464566 559529 565203 652495
2    1 13 10 30 13 31 00 00   0.356   0.0061  14.15  15.20  -1.00 328543 406516
1 13 10 30 13 31 20 00    1    0 305.81 306.89 273.29 264.33 191.51 156.43 464630 559456 565283 652511
2    1 13 10 30 13 31 20 00   0.340   0.0048  13.51  14.44  -1.00 328276 405983
1 13 10 30 13 31 40 00    1    0 305.81 306.89 273.29 264.31 191.51 156.43 464533 559464 565219 652535
2    1 13 10 30 13 31 40 00   0.355   0.0057  13.99  14.95  -1.00 328430 406282
1 13 10 30 13 32 00 00    1    0 305.82 306.90 273.28 264.33 191.51 156.43 464622 559488 565267 652430
2    1 13 10 30 13 32 00 00   0.343   0.0065  14.12  15.38  -1.00 328591 406565
1 13 10 30 13 32 20 00    1    0 305.81 306.89 273.29 264.32 191.51 156.43 464614 559488 565283 652503
2    1 13 10 30 13 32 20 00   0.345   0.0069  14.27  15.61  -1.00 328664 406694
1 13 10 30 13 32 40 00    1    0 305.81 306.89 273.28 264.29 191.51 156.43 464541 559512 565235 652527
2    1 13 10 30 13 32 40 00   0.355   0.0076  14.61  15.98  -1.00 328769 406936
1 13 10 30 13 33 00 00    1    0 305.81 306.89 273.28 264.26 191.51 156.43 464525 559464 565203 652519
2    1 13 10 30 13 33 00 00   0.352   0.0082  14.78  16.32  -1.00 328842 407082
1 13 10 30 13 33 20 00    1    0 305.82 306.89 273.28 264.27 191.51 156.43 464622 559496 565243 652430
2    1 13 10 30 13 33 20 00   0.342   0.0075  14.43  15.93  -1.00 328761 406888
1 13 10 30 13 33 40 00    1    0 305.81 306.90 273.28 264.25 191.51 156.43 464533 559472 565203 652479
2    1 13 10 30 13 33 40 00   0.349   0.0082  14.74  16.29  -1.00 328834 407074
1 13 10 30 13 34 00 00    1    0 305.81 306.89 273.28 264.24 191.51 156.43 464501 559553 565186 652382
2    1 13 10 30 13 34 00 00   0.368   0.0080  14.91  16.23  -1.00 328891 407130
1 13 10 30 13 34 20 00    1    0 305.82 306.90 273.28 264.24 191.51 156.43 464469 559472 565227 652422
2    1 13 10 30 13 34 20 00   0.374   0.0082  15.08  16.39  -1.00 328947 407147
1 13 10 30 13 34 40 00    1    0 305.81 306.89 273.28 264.25 191.51 156.43 464477 559496 565203 652398
2    1 13 10 30 13 34 40 00   0.356   0.0069  14.42  15.64  -1.00 328608 406734
1 13 10 30 13 35 00 00    1    0 305.82 306.90 273.28 264.21 191.51 156.43 464453 559456 565178 652325
2    1 13 10 30 13 35 00 00   0.362   0.0082  14.91  16.34  -1.00 328834 407114
1 13 10 30 13 35 20 00    1    0 305.82 306.90 273.28 264.22 191.51 156.43 464485 559440 565203 652366
2    1 13 10 30 13 35 20 00   0.365   0.0087  15.12  16.64  -1.00 328979 407276
1 13 10 30 13 35 40 00    1    0 305.82 306.90 273.28 264.21 191.51 156.43 464517 559496 565186 652430
2    1 13 10 30 13 35 40 00   0.374   0.0088  15.26  16.69  -1.00 329085 407365
1 13 10 30 13 36 00 00    1    0 305.82 306.90 273.28 264.21 191.51 156.43 464558 559440 565291 652471
2    1 13 10 30 13 36 00 00   0.348   0.0098  15.25  17.16  -1.00 329117 407583
1 13 10 30 13 36 20 00    1    0 305.82 306.90 273.28 264.21 191.51 156.43 464582 559488 565267 652406
2    1 13 10 30 13 36 20 00   0.357   0.0102  15.50  17.41  -1.00 329270 407777
1 13 10 30 13 36 40 00    1    0 305.82 306.90 273.28 264.21 191.51 156.43 464550 559529 565194 652406
2    1 13 10 30 13 36 40 00   0.368   0.0096  15.45  17.12  -1.00 329214 407656
1 13 10 30 13 37 00 00    1    0 305.81 306.91 273.28 264.20 191.51 156.43 464533 559456 565267 652455
2    1 13 10 30 13 37 00 00   0.363   0.0098  15.45  17.22  -1.00 329198 407640
1 13 10 30 13 37 20 00    1    0 305.82 306.91 273.28 264.18 191.51 156.43 464533 559520 565251 652479
2    1 13 10 30 13 37 20 00   0.371   0.0093  15.41  17.00  -1.00 329173 407567
1 13 10 30 13 37 40 00    1    0 305.82 306.91 273.28 264.19 191.51 156.43 464541 559488 565227 652398
2    1 13 10 30 13 37 40 00   0.369   0.0106  15.79  17.67  -1.00 329384 407939
1 13 10 30 13 38 00 00    1    0 305.82 306.91 273.28 264.19 191.51 156.43 464509 559504 565227 652552
2    1 13 10 30 13 38 00 00   0.378   0.0111  16.07  17.96  -1.00 329497 408116
1 13 10 30 13 38 20 00    1    0 305.82 306.91 273.28 264.21 191.51 156.43 464598 559496 565316 652479
2    1 13 10 30 13 38 20 00   0.362   0.0100  15.51  17.32  -1.00 329287 407729
1 13 10 30 13 38 40 00    1    0 305.82 306.91 273.28 264.24 191.51 156.43 464630 559593 565332 652455
2    1 13 10 30 13 38 40 00   0.359   0.0099  15.42  17.24  -1.00 329270 407785
1 13 10 30 13 39 00 00    1    0 305.82 306.91 273.28 264.24 191.51 156.43 464533 559512 565154 652430
2    1 13 10 30 13 39 00 00   0.375   0.0120  16.33  18.45  -1.00 329658 408424
1 13 10 30 13 39 20 00    1    0 305.82 306.91 273.28 264.21 191.51 156.43 464517 559456 565267 652390
2    1 13 10 30 13 39 20 00   0.374   0.0119  16.31  18.42  -1.00 329626 408351
1 13 10 30 13 39 40 00    1    0 305.82 306.91 273.28 264.19 191.51 156.43 464493 559521 565219 652422
2    1 13 10 30 13 39 40 00   0.376   0.0081  15.06  16.32  -1.00 328947 407179
1 13 10 30 13 40 00 00    1    0 305.82 306.91 273.28 264.18 191.51 156.43 464550 559480 565211 652479
2    1 13 10 30 13 40 00 00   0.361   0.0092  15.23  16.90  -1.00 329093 407470
1 13 10 30 13 40 20 00    1    0 305.82 306.91 273.28 264.16 191.51 156.43 464501 559537 565267 652438
2    1 13 10 30 13 40 20 00   0.383   0.0105  15.93  17.64  -1.00 329408 407971
1 13 10 30 13 40 40 00    1    0 305.82 306.91 273.28 264.11 191.51 156.43 464549 559488 565235 652398
2    1 13 10 30 13 40 40 00   0.368   0.0109  15.89  17.84  -1.00 329432 408044
1 13 10 30 13 41 00 00    1    0 305.81 306.91 273.28 264.14 191.51 156.43 464485 559472 565267 652463
2    1 13 10 30 13 41 00 00   0.385   0.0111  16.17  17.99  -1.00 329513 408117
1 13 10 30 13 41 20 00    1    0 305.82 306.91 273.28 264.12 191.51 156.43 464509 559407 565300 652463
2    1 13 10 30 13 41 20 00   0.367   0.0111  15.93  17.94  -1.00 329408 408011
1 13 10 30 13 41 40 00    1    0 305.82 306.92 273.28 264.15 191.51 156.43 464549 559504 565227 652463
2    1 13 10 30 13 41 40 00   0.368   0.0109  15.89  17.85  -1.00 329424 408052
1 13 10 30 13 42 00 00    1    0 305.82 306.91 273.28 264.28 191.51 156.43 464525 559391 565162 652414
2    1 13 10 30 13 42 00 00   0.364   0.0103  15.63  17.50  -1.00 329270 407729
1 13 10 30 13 42 20 00    1    0 305.82 306.91 273.29 264.26 191.51 156.43 464517 559480 565219 652422
2    1 13 10 30 13 42 20 00   0.379   0.0101  15.76  17.44  -1.00 329327 407777
1 13 10 30 13 42 40 00    1    0 305.82 306.92 273.29 264.29 191.51 156.43 464533 559561 565251 652519
2    1 13 10 30 13 42 40 00   0.387   0.0098  15.78  17.31  -1.00 329351 407785
1 13 10 30 13 43 00 00    1    0 305.82 306.92 273.28 264.33 191.51 156.43 464525 559448 565178 652366
2    1 13 10 30 13 43 00 00   0.366   0.0100  15.57  17.36  -1.00 329238 407704
1 13 10 30 13 43 20 00    1    0 305.82 306.92 273.28 264.39 191.51 156.43 464493 559504 565308 652414
2    1 13 10 30 13 43 20 00   0.377   0.0101  15.75  17.45  -1.00 329295 407817
1 13 10 30 13 43 40 00    1    0 305.82 306.92 273.28 264.43 191.51 156.43 464461 559464 565154 652406
2    1 13 10 30 13 43 40 00   0.388   0.0094  15.64  17.07  -1.00 329206 407551
1 13 10 30 13 44 00 00    1    0 305.82 306.92 273.28 264.38 191.51 156.43 464517 559448 565186 652358
2    1 13 10 30 13 44 00 00   0.369   0.0093  15.36  16.96  -1.00 329117 407478
1 13 10 30 13 44 20 00    1    0 305.82 306.92 273.28 264.34 191.51 156.43 464533 559407 565291 652390
2    1 13 10 30 13 44 20 00   0.369   0.0095  15.43  17.08  -1.00 329165 407502
1 13 10 30 13 44 40 00    1    0 305.82 306.92 273.29 264.41 191.51 156.43 464501 559537 565154 652471
2    1 13 10 30 13 44 40 00   0.385   0.0097  15.70  17.23  -1.00 329279 407720
1 13 10 30 13 45 00 00    1    0 305.82 306.91 273.28 264.44 191.51 156.43 464533 559512 565275 652552
2    1 13 10 30 13 45 00 00   0.374   0.0093  15.43  16.96  -1.00 329165 407535
1 13 10 30 13 45 20 00    1    0 305.82 306.91 273.28 264.45 191.51 156.43 464541 559529 565243 652382
2    1 13 10 30 13 45 20 00   0.373   0.0081  15.03  16.32  -1.00 328963 407179
1 13 10 30 13 45 40 00    1    0 305.82 306.91 273.28 264.44 191.51 156.43 464549 559593 565259 652438
2    1 13 10 30 13 45 40 00   0.382   0.0083  15.21  16.48  -1.00 329068 407341
1 13 10 30 13 46 00 00    1    0 305.82 306.91 273.28 264.43 191.51 156.43 464485 559488 565292 652414
2    1 13 10 30 13 46 00 00   0.388   0.0090  15.50  16.84  -1.00 329149 407454
1 13 10 30 13 46 20 00    1    0 305.81 306.91 273.28 264.38 191.51 156.43 464485 559480 565219 652447
2    1 13 10 30 13 46 20 00   0.388   0.0092  15.58  16.97  -1.00 329190 407518
1 13 10 30 13 46 40 00    1    0 305.82 306.91 273.28 264.34 191.51 156.43 464550 559472 565243 652503
2    1 13 10 30 13 46 40 00   0.374   0.0088  15.27  16.72  -1.00 329093 407357
1 13 10 30 13 47 00 00    1    0 305.81 306.91 273.28 264.40 191.51 156.43 464533 559561 565300 652438
2    1 13 10 30 13 47 00 00   0.388   0.0092  15.57  16.95  -1.00 329230 407591
1 13 10 30 13 47 20 00    1    0 305.82 306.91 273.28 264.38 191.51 156.43 464501 559520 565235 652503
2    1 13 10 30 13 47 20 00   0.389   0.0093  15.64  17.04  -1.00 329230 407599
1 13 10 30 13 47 40 00    1    0 305.82 306.90 273.28 264.34 191.51 156.43 464566 559553 565227 652479
2    1 13 10 30 13 47 40 00   0.383   0.0088  15.38  16.74  -1.00 329165 407454
1 13 10 30 13 48 00 00    1    0 305.81 306.91 273.28 264.34 191.51 156.43 464558 559529 565283 652430
2    1 13 10 30 13 48 00 00   0.368   0.0095  15.41  17.06  -1.00 329173 407624
1 13 10 30 13 48 20 00    1    0 305.81 306.91 273.28 264.39 191.51 156.43 464590 559504 565259 652479
2    1 13 10 30 13 48 20 00   0.374   0.0101  15.70  17.43  -1.00 329359 407817
1 13 10 30 13 48 40 00    1    0 305.81 306.91 273.28 264.40 191.51 156.43 464630 559529 565243 652495
2    1 13 10 30 13 48 40 00   0.367   0.0094  15.38  17.02  -1.00 329238 407599
1 13 10 30 13 49 00 00    1    0 305.82 306.90 273.28 264.36 191.51 156.43 464630 559593 565292 652479
2    1 13 10 30 13 49 00 00   0.364   0.0099  15.48  17.26  -1.00 329295 407809
1 13 10 30 13 49 20 00    1    0 305.81 306.90 273.28 264.36 191.51 156.43 464630 559569 565356 652576
2    1 13 10 30 13 49 20 00   0.373   0.0106  15.86  17.71  -1.00 329489 408044
1 13 10 30 13 49 40 00    1    0 305.81 306.90 273.28 264.39 191.51 156.43 464630 559537 565275 652511
2    1 13 10 30 13 49 40 00   0.368   0.0098  15.52  17.25  -1.00 329319 407737
1 13 10 30 13 50 00 00    1    0 305.82 306.90 273.28 264.34 191.51 156.43 464574 559520 565243 652535
2    1 13 10 30 13 50 00 00   0.368   0.0094  15.40  17.04  -1.00 329198 407591
1 13 10 30 13 50 20 00    1    0 305.82 306.90 273.28 264.27 191.51 156.43 464566 559601 565291 652463
2    1 13 10 30 13 50 20 00   0.385   0.0096  15.69  17.20  -1.00 329343 407777
1 13 10 30 13 50 40 00    1    0 305.82 306.90 273.28 264.20 191.51 156.43 464582 559512 565235 652455
2    1 13 10 30 13 50 40 00   0.372   0.0105  15.80  17.63  -1.00 329416 407939
1 13 10 30 13 51 00 00    1    0 305.82 306.90 273.28 264.16 191.51 156.43 464614 559553 565243 652568
2    1 13 10 30 13 51 00 00   0.371   0.0099  15.58  17.29  -1.00 329343 407777
1 13 10 30 13 51 20 00    1    0 305.82 306.91 273.28 264.12 191.51 156.43 464630 559529 565259 652479
2    1 13 10 30 13 51 20 00   0.357   0.0099  15.41  17.25  -1.00 329270 407729
1 13 10 30 13 51 40 00    1    0 305.81 306.90 273.28 264.15 191.51 156.43 464598 559520 565291 652390
2    1 13 10 30 13 51 40 00   0.379   0.0093  15.50  17.01  -1.00 329287 407583
1 13 10 30 13 52 00 00    1    0 305.82 306.90 273.28 264.15 191.51 156.43 464525 559529 565251 652455
2    1 13 10 30 13 52 00 00   0.384   0.0088  15.40  16.75  -1.00 329157 407438
1 13 10 30 13 52 20 00    1    0 305.82 306.91 273.28 264.14 191.51 156.43 464509 559585 565162 652438
2    1 13 10 30 13 52 20 00   0.392   0.0079  15.19  16.26  -1.00 329036 407211
1 13 10 30 13 52 40 00    1    0 305.81 306.91 273.28 264.23 191.51 156.43 464574 559553 565243 652422
2    1 13 10 30 13 52 40 00   0.374   0.0081  15.05  16.35  -1.00 329028 407236
1 13 10 30 13 53 00 00    1    0 305.82 306.90 273.28 264.27 191.51 156.43 464517 559521 565235 652455
2    1 13 10 30 13 53 00 00   0.382   0.0084  15.26  16.53  -1.00 329076 407316
1 13 10 30 13 53 20 00    1    0 305.82 306.91 273.28 264.26 191.51 156.43 464566 559512 565203 652495
2    1 13 10 30 13 53 20 00   0.360   0.0081  14.85  16.28  -1.00 328915 407155
1 13 10 30 13 53 40 00    1    0 305.81 306.90 273.28 264.36 191.51 156.43 464517 559577 565267 652463
2    1 13 10 30 13 53 40 00   0.386   0.0075  14.98  16.01  -1.00 328931 407066
1 13 10 30 13 54 00 00    1    0 305.81 306.90 273.28 264.56 191.51 156.43 464541 559504 565251 652479
2    1 13 10 30 13 54 00 00   0.366   0.0084  15.02  16.45  -1.00 328979 407252
1 13 10 30 13 54 20 00    1    0 305.81 306.91 273.28 264.60 191.51 156.43 464517 559545 565324 652430
2    1 13 10 30 13 54 20 00   0.379   0.0081  15.11  16.36  -1.00 328996 407244
1 13 10 30 13 54 40 00    1    0 305.82 306.90 273.28 264.47 191.51 156.43 464509 559464 565283 652479
2    1 13 10 30 13 54 40 00   0.368   0.0086  15.12  16.58  -1.00 328988 407284
1 13 10 30 13 55 00 00    1    0 305.82 306.90 273.28 264.39 191.51 156.43 464461 559448 565178 652463
2    1 13 10 30 13 55 00 00   0.382   0.0079  15.07  16.22  -1.00 328907 407050
1 13 10 30 13 55 20 00    1    0 305.82 306.91 273.28 264.42 191.51 156.43 464493 559464 565227 652390
2    1 13 10 30 13 55 20 00   0.374   0.0061  14.36  15.21  -1.00 328567 406468
1 13 10 30 13 55 40 00    1    0 305.82 306.90 273.27 264.44 191.51 156.43 464485 559512 565114 652438
2    1 13 10 30 13 55 40 00   0.378   0.0043  13.82  14.25  -1.00 328284 405950
1 13 10 30 13 56 00 00    1    0 305.81 306.90 273.27 264.44 191.51 156.43 464541 559415 565267 652495
2    1 13 10 30 13 56 00 00   0.361   0.0052  13.89  14.68  -1.00 328373 406096
1 13 10 30 13 56 20 00    1    0 305.82 306.89 273.28 264.45 191.51 156.43 464525 559504 565186 652390
2    1 13 10 30 13 56 20 00   0.362   0.0037  13.41  13.86  -1.00 328107 405700
1 13 10 30 13 56 40 00    1    0 305.82 306.90 273.27 264.44 191.51 156.43 464533 559569 565267 652471
2    1 13 10 30 13 56 40 00   0.363   0.0057  14.09  14.96  -1.00 328470 406427
1 13 10 30 13 57 00 00    1    0 305.82 306.90 273.27 264.40 191.51 156.43 464541 559424 565219 652463
2    1 13 10 30 13 57 00 00   0.355   0.0060  14.08  15.11  -1.00 328478 406363
1 13 10 30 13 57 20 00    1    0 305.82 306.90 273.27 264.38 191.51 156.43 464485 559496 565219 652463
2    1 13 10 30 13 57 20 00   0.367   0.0029  13.21  13.44  -1.00 327961 405441
1 13 10 30 13 57 40 00    1    0 305.81 306.90 273.27 264.38 191.51 156.43 464582 559553 565235 652414
2    1 13 10 30 13 57 40 00   0.356   0.0036  13.32  13.83  -1.00 328123 405740
1 13 10 30 13 58 00 00    1    0 305.81 306.90 273.27 264.36 191.51 156.43 464509 559504 565291 652519
2    1 13 10 30 13 58 00 00   0.366   0.0047  13.81  14.46  -1.00 328300 406055
1 13 10 30 13 58 20 00    1    0 305.81 306.90 273.27 264.38 191.51 156.43 464582 559488 565267 652471
2    1 13 10 30 13 58 20 00   0.351   0.0062  14.12  15.24  -1.00 328535 406500
1 13 10 30 13 58 40 00    1    0 305.81 306.90 273.27 264.42 191.51 156.43 464517 559496 565316 652390
2    1 13 10 30 13 58 40 00   0.371   0.0064  14.44  15.40  -1.00 328632 406605
1 13 10 30 13 59 00 00    1    0 305.82 306.90 273.27 264.41 191.51 156.43 464574 559585 565219 652471
2    1 13 10 30 13 59 00 00   0.375   0.0067  14.58  15.56  -1.00 328769 406799
1 13 10 30 13 59 20 00    1    0 305.82 306.90 273.27 264.39 191.51 156.43 464558 559529 565275 652430
2    1 13 10 30 13 59 20 00   0.365   0.0073  14.66  15.88  -1.00 328794 406937
1 13 10 30 13 59 40 00    1    0 305.81 306.90 273.27 264.33 191.51 156.43 464509 559545 565178 652398
2    1 13 10 30 13 59 40 00   0.384   0.0072  14.87  15.87  -1.00 328858 406953
1 13 10 30 14 00 00 00    1    0 305.82 306.89 273.27 264.31 191.51 156.43 464558 559456 565259 652463
2    1 13 10 30 14 00 00 00   0.356   0.0083  14.87  16.40  -1.00 328907 407171
