0 1 020 4.16 06 06 09
0 2 13 11 05 191.706 156.530 290.000  -0.005   0.000 0.00164 0.00217 1   14   50  500 3.00
0 3 1000 1000 1000 0100 0010  19.350  23.400  30.150  41.850  90.000 138.150 149.850 156.600 160.650  90.000 180.000   0.998   0.100
0 4 1000 1000 1000 0100 0001  90.000 180.000
0 5  0.7938E-02 0.2178E+02 -.1333E+02 0.71322E-01 -.1335E-01 -.8702E-01 0.4509E+00 0.28327E-02 251.596 249.963   2.750
0 6 0000   1.000 223.150
1 13 11 05 03 00 26 62    2    0 305.80 306.96 276.95 266.36 191.77 156.53 467451 562519 568193 655558
2    1 13 11 05 03 00 26 62   0.533   0.0050  16.20  15.13  -1.00 330548 407163
2    2 13 11 05 03 00 46 38   0.535   0.0039  15.81  14.47  -1.00 330345 406775
3 13 11 05 03 00 26 62 10 192.61 157.52 0.997 0.997   0.503   0.0015  14.58  13.01
4    1 342421 418721
4    2 339495 415973
4    3 336440 413298
4    4 332956 409563
4    5 330548 407163
4    6 333021 410016
4    7 335704 412619
4    8 338856 415407
4    9 341710 418147
4   10 330345 406775
1 13 11 05 03 01 18 73    2    0 305.80 306.96 276.91 266.34 191.77 156.53 467427 562479 568193 655583
2    1 13 11 05 03 01 18 73   0.519   0.0045  15.86  14.82  -1.00 330370 406961
2    2 13 11 05 03 01 38 46   0.525   0.0058  16.38  15.57  -1.00 330644 407405
3 13 11 05 03 01 18 73 10 192.85 158.03 0.998 0.998   0.506   0.0011  14.44  12.74
4    1 342154 418228
4    2 339349 415811
4    3 336068 412659
4    4 333320 410347
4    5 330370 406961
4    6 332722 409523
4    7 335761 412829
4    8 338937 415520
4    9 341831 418462
4   10 330644 407405
1 13 11 05 03 02 10 54    2    0 305.79 306.96 276.87 266.30 191.77 156.53 467403 562463 568217 655575
2    1 13 11 05 03 02 10 54   0.533   0.0042  15.93  14.68  -1.00 330402 406880
2    2 13 11 05 03 02 30 42   0.528   0.0031  15.45  14.00  -1.00 330151 406476
3 13 11 05 03 02 10 54 10 192.56 157.40 1.000 0.998   0.501   0.0015  14.52  12.96
4    1 342081 418115
4    2 339083 415439
4    3 335955 412522
4    4 333053 409765
4    5 330402 406880
4    6 333199 410412
4    7 335922 412885
4    8 339050 415771
4    9 341839 418438
4   10 330151 406476
1 13 11 05 03 03 02 61    2    0 305.80 306.96 276.84 266.28 191.77 156.53 467451 562568 568225 655558
2    1 13 11 05 03 03 02 61   0.525   0.0040  15.74  14.52  -1.00 330378 406920
2    2 13 11 05 03 03 22 32   0.525   0.0033  15.48  14.10  -1.00 330240 406670
3 13 11 05 03 03 02 61 10 192.34 157.09 0.999 0.994   0.504   0.0017  14.65  13.12
4    1 342187 418390
4    2 339010 415124
4    3 335858 412328
4    4 332964 409596
4    5 330378 406920
4    6 333401 410792
4    7 336028 413136
4    8 339333 416288
4    9 342073 418834
4   10 330240 406670
1 13 11 05 03 03 54 41    2    0 305.80 306.96 276.80 266.18 191.77 156.53 467419 562341 568217 655534
2    1 13 11 05 03 03 54 41   0.504   0.0037  15.38  14.30  -1.00 330176 406573
2    2 13 11 05 03 04 14 48   0.499   0.0038  15.36  14.37  -1.00 330168 406613
3 13 11 05 03 03 54 41 10 191.92 157.06 0.999 0.996   0.506   0.0028  15.06  13.75
4    1 342389 418842
4    2 339164 415512
4    3 335704 411948
4    4 332835 409474
4    5 330176 406573
4    6 333158 410283
4    7 335987 413047
4    8 339341 416118
4    9 342348 419287
4   10 330168 406613
1 13 11 05 03 04 46 80    2    0 305.80 306.96 276.76 266.10 191.77 156.53 467370 562430 568161 655518
2    1 13 11 05 03 04 46 80   0.520   0.0031  15.35  13.97  -1.00 330135 406492
2    2 13 11 05 03 05 06 72   0.519   0.0031  15.33  13.96  -1.00 330127 406484
3 13 11 05 03 04 46 80 10 191.75 156.53 0.999 0.997   0.509   0.0031  15.24  13.98
4    1 342397 418616
4    2 339349 415900
4    3 335809 412311
4    4 332697 409175
4    5 330135 406492
4    6 333094 410161
4    7 335931 412998
4    8 339414 416450
4    9 342477 419424
4   10 330127 406484
1 13 11 05 03 05 39 14    2    0 305.79 306.96 276.73 266.01 191.77 156.53 467273 562341 568015 655421
2    1 13 11 05 03 05 39 14   0.530   0.0024  15.22  13.59  -1.00 329998 406193
2    2 13 11 05 03 05 58 90   0.530   0.0024  15.21  13.57  -1.00 329990 406185
3 13 11 05 03 05 39 14 10 191.48 156.13 0.999 0.997   0.508   0.0036  15.38  14.24
4    1 342348 418592
4    2 339309 415722
4    3 336036 412643
4    4 332722 409208
4    5 329998 406193
4    6 332940 409765
4    7 336100 413338
4    8 339414 416353
4    9 342574 419570
4   10 329990 406185
1 13 11 05 03 06 31 46    2    0 305.79 306.96 276.69 265.95 191.77 156.53 467257 562358 568145 655461
2    1 13 11 05 03 06 31 46   0.530   0.0021  15.11  13.41  -1.00 329941 406128
2    2 13 11 05 03 06 51 34   0.530   0.0020  15.08  13.36  -1.00 329925 406096
3 13 11 05 03 06 31 46 10 191.65 156.07 0.999 0.997   0.511   0.0035  15.40  14.21
4    1 342243 418470
4    2 339333 415722
4    3 335947 412489
4    4 332908 409580
4    5 329941 406128
4    6 332803 409555
4    7 335963 413071
4    8 339390 416272
4    9 342623 419594
4   10 329925 406096
1 13 11 05 03 07 23 83    2    0 305.79 306.96 276.66 265.86 191.77 156.53 467217 562398 568137 655478
2    1 13 11 05 03 07 23 83   0.542   0.0016  15.09  13.16  -1.00 329901 406039
2    2 13 11 05 03 07 43 70   0.535   0.0016  15.01  13.16  -1.00 329860 406039
3 13 11 05 03 07 23 83 10 191.81 156.10 1.000 0.998   0.513   0.0029  15.21  13.86
4    1 342098 418131
4    2 339204 415625
4    3 336116 412821
4    4 333005 409620
4    5 329901 406039
4    6 332722 409418
4    7 335825 412732
4    8 339277 415997
4    9 342348 419012
4   10 329860 406039
1 13 11 05 03 08 16 10    2    0 305.79 306.96 276.61 265.81 191.77 156.53 467265 562285 568072 655364
2    1 13 11 05 03 08 16 10   0.522   0.0023  15.07  13.49  -1.00 329966 406152
2    2 13 11 05 03 08 35 82   0.513   0.0028  15.15  13.77  -1.00 330006 406314
3 13 11 05 03 08 16 10 10 191.79 156.59 0.999 0.997   0.514   0.0023  15.00  13.52
4    1 341847 417751
4    2 339075 415254
4    3 335963 412481
4    4 333005 409773
4    5 329966 406152
4    6 332455 408957
4    7 335607 412320
4    8 339261 415957
4    9 342243 418818
4   10 330006 406314
1 13 11 05 03 09 08 18    2    0 305.78 306.95 276.57 265.77 191.77 156.53 467249 562382 568104 655356
2    1 13 11 05 03 09 08 18   0.526   0.0022  15.10  13.45  -1.00 329982 406258
2    2 13 11 05 03 09 27 98   0.533   0.0024  15.25  13.59  -1.00 330063 406338
3 13 11 05 03 09 08 18 10 192.06 156.54 0.999 0.998   0.515   0.0018  14.83  13.21
4    1 341823 417646
4    2 338889 414963
4    3 335858 412279
4    4 332972 409596
4    5 329982 406258
4    6 332609 409200
4    7 335421 412004
4    8 338986 415447
4    9 342186 418648
4   10 330063 406338
1 13 11 05 03 10 00 42    2    0 305.79 306.95 276.54 265.71 191.77 156.53 467193 562325 568015 655340
2    1 13 11 05 03 10 00 42   0.528   0.0028  15.36  13.86  -1.00 330087 406468
2    2 13 11 05 03 10 20 41   0.529   0.0031  15.47  14.02  -1.00 330143 406565
3 13 11 05 03 10 00 42 10 192.31 157.06 0.999 0.998   0.516   0.0013  14.64  12.88
4    1 341742 417468
4    2 338784 414825
4    3 335704 411964
4    4 332722 409248
4    5 330087 406468
4    6 332479 409070
4    7 335373 412012
4    8 338792 415157
4    9 341952 418309
4   10 330143 406565
1 13 11 05 03 10 53 11    2    0 305.78 306.95 276.49 265.65 191.77 156.53 467160 562261 568032 655300
2    1 13 11 05 03 10 53 11   0.532   0.0027  15.36  13.77  -1.00 330071 406379
2    2 13 11 05 03 11 13 03   0.527   0.0025  15.23  13.66  -1.00 330006 406314
3 13 11 05 03 10 53 11 10 192.38 157.01 0.999 0.999   0.513   0.0011  14.55  12.80
4    1 341613 417412
4    2 338695 414728
4    3 335591 411835
4    4 332665 409175
4    5 330071 406379
4    6 332520 409143
4    7 335340 411907
4    8 338719 414938
4    9 341799 417977
4   10 330006 406314
1 13 11 05 03 11 45 63    2    0 305.78 306.95 276.46 265.59 191.78 156.53 467112 562188 567959 655267
2    1 13 11 05 03 11 45 63   0.534   0.0018  15.06  13.25  -1.00 329885 406023
2    2 13 11 05 03 12 05 56   0.528   0.0020  15.06  13.36  -1.00 329885 406088
3 13 11 05 03 11 45 63 10 192.10 156.78 0.999 0.999   0.514   0.0013  14.63  12.90
4    1 341661 417436
4    2 338743 414680
4    3 335526 411802
4    4 332657 409127
4    5 329885 406023
4    6 332584 409280
4    7 335349 411915
4    8 338646 414785
4    9 341693 417824
4   10 329885 406088
1 13 11 05 03 12 37 96    2    0 305.78 306.95 276.41 265.54 191.78 156.53 467079 562220 567967 655300
2    1 13 11 05 03 12 37 96   0.532   0.0020  15.10  13.36  -1.00 329893 406144
2    2 13 11 05 03 12 57 87   0.533   0.0017  15.02  13.21  -1.00 329852 406055
3 13 11 05 03 12 37 96 10 192.18 156.80 1.000 0.999   0.517   0.0012  14.63  12.85
4    1 341693 417460
4    2 338759 414712
4    3 335567 411835
4    4 332673 409103
4    5 329893 406144
4    6 332770 409499
4    7 335486 412101
4    8 338695 414938
4    9 341693 417743
4   10 329852 406055
1 13 11 05 03 13 30 15    2    0 305.78 306.95 276.37 265.51 191.78 156.53 467087 562212 567951 655324
2    1 13 11 05 03 13 30 15   0.534   0.0015  14.96  13.09  -1.00 329852 405999
2    2 13 11 05 03 13 50 11   0.536   0.0018  15.10  13.28  -1.00 329925 406112
3 13 11 05 03 13 30 15 10 192.05 156.65 1.000 0.999   0.511   0.0016  14.71  13.09
4    1 341734 417589
4    2 338768 414761
4    3 335623 411835
4    4 332673 409070
4    5 329852 405999
4    6 332487 409022
4    7 335567 412190
4    8 338735 414995
4    9 341734 417913
4   10 329925 406112
1 13 11 05 03 14 22 44    2    0 305.78 306.94 276.33 265.47 191.78 156.53 467047 562204 567918 655316
2    1 13 11 05 03 14 22 44   0.533   0.0016  14.99  13.15  -1.00 329844 406047
2    2 13 11 05 03 14 42 47   0.543   0.0016  15.08  13.12  -1.00 329893 406031
3 13 11 05 03 14 22 44 10 192.02 156.64 0.999 1.000   0.519   0.0015  14.77  13.04
4    1 341847 417630
4    2 338856 414817
4    3 335599 411818
4    4 332665 409086
4    5 329844 406047
4    6 332576 409135
4    7 335357 411802
4    8 338711 414954
4    9 341726 417767
4   10 329893 406031
1 13 11 05 03 15 14 88    2    0 305.78 306.94 276.29 265.42 191.78 156.53 467023 562042 567846 655162
2    1 13 11 05 03 15 14 88   0.526   0.0021  15.07  13.42  -1.00 329885 406064
2    2 13 11 05 03 15 34 64   0.524   0.0019  14.97  13.29  -1.00 329836 405991
3 13 11 05 03 15 14 88 10 191.87 156.77 0.999 1.000   0.524   0.0015  14.84  13.07
4    1 341920 417719
4    2 338986 415027
4    3 335680 411891
4    4 332697 409111
4    5 329885 406064
4    6 332463 409014
4    7 335357 411891
4    8 338662 414760
4    9 341726 417646
4   10 329836 405991
1 13 11 05 03 16 07 08    2    0 305.78 306.94 276.24 265.38 191.78 156.53 466999 562172 567902 655122
2    1 13 11 05 03 16 07 08   0.540   0.0016  15.06  13.15  -1.00 329877 406072
2    2 13 11 05 03 16 26 91   0.551   0.0015  15.17  13.13  -1.00 329933 406063
3 13 11 05 03 16 07 08 10 192.13 156.42 0.999 1.000   0.523   0.0014  14.77  12.98
4    1 341920 417622
4    2 338953 414930
4    3 335801 412020
4    4 332722 409127
4    5 329877 406072
4    6 332487 408973
4    7 335373 411826
4    8 338687 414777
4    9 341677 417622
4   10 329933 406063
1 13 11 05 03 16 59 48    2    0 305.78 306.94 276.20 265.30 191.78 156.53 466974 562034 567813 655154
2    1 13 11 05 03 16 59 48   0.530   0.0021  15.11  13.40  -1.00 329901 406104
2    2 13 11 05 03 17 19 19   0.532   0.0021  15.14  13.41  -1.00 329917 406112
3 13 11 05 03 16 59 48 10 192.02 156.90 0.999 1.000   0.527   0.0013  14.77  12.91
4    1 341968 417670
4    2 338970 414954
4    3 335777 411932
4    4 332811 409192
4    5 329901 406104
4    6 332487 409078
4    7 335429 411826
4    8 338711 414720
4    9 341653 417533
4   10 329917 406112
1 13 11 05 03 17 51 88    2    0 305.78 306.94 276.16 265.23 191.78 156.53 466918 562002 567838 655090
2    1 13 11 05 03 17 51 88   0.548   0.0020  15.29  13.38  -1.00 329957 406088
2    2 13 11 05 03 18 12 12   0.542   0.0022  15.29  13.49  -1.00 329957 406152
3 13 11 05 03 17 51 88 10 192.29 156.86 0.999 1.000   0.526   0.0013  14.76  12.91
4    1 341992 417638
4    2 339050 414987
4    3 335809 412045
4    4 332843 409240
4    5 329957 406088
4    6 332520 408989
4    7 335397 411875
4    8 338743 414752
4    9 341661 417533
4   10 329957 406152
