0 1 020 4.16 06 06 09
0 2 13 07 20 191.578 156.296 290.000  -0.018  -0.033 0.00164 0.00217 1   14   50  500 3.00
0 3 1000 1000 1000 0100 0010  19.350  23.400  30.150  41.850  90.000 138.150 149.850 156.600 160.650  90.000 180.000   0.998   0.100
0 4 1000 1000 1000 0100 0001  90.000 180.000
0 5  0.6991E-01 0.2224E+02 -.1330E+02 0.75552E-01 -.1303E-01 -.1895E+00 0.6027E+00 0.52568E-02 271.054 269.253   2.750
0 6 0000   1.000 223.150
1 13 07 20 14 00 40 00    1    0 305.94 307.06 291.70 282.47 191.55 156.24 477118 571603 577519 664156
2    1 13 07 20 14 00 40 00   2.118   0.0112  38.52  24.51  -1.00 344630 413590
1 13 07 20 14 01 00 00    1    0 305.93 307.06 291.71 282.48 191.55 156.24 477126 571530 577487 664083
2    1 13 07 20 14 01 00 00   2.109   0.0120  38.63  24.89  -1.00 344695 413735
1 13 07 20 14 01 20 00    1    0 305.94 307.05 291.71 282.47 191.55 156.24 477062 571538 577438 664107
2    1 13 07 20 14 01 20 00   2.120   0.0120  38.77  24.92  -1.00 344703 413768
1 13 07 20 14 01 40 00    1    0 305.94 307.05 291.72 282.45 191.55 156.24 477102 571482 577455 664172
2    1 13 07 20 14 01 40 00   2.113   0.0124  38.80  25.09  -1.00 344759 413800
1 13 07 20 14 02 00 00    1    0 305.93 307.04 291.72 282.47 191.55 156.24 477118 571603 577495 664245
2    1 13 07 20 14 02 00 00   2.119   0.0115  38.63  24.69  -1.00 344687 413679
1 13 07 20 14 02 20 00    1    0 305.94 307.04 291.72 282.45 191.55 156.24 477175 571579 577479 664204
2    1 13 07 20 14 02 20 00   2.107   0.0122  38.65  24.94  -1.00 344759 413800
1 13 07 20 14 02 40 00    1    0 305.94 307.04 291.73 282.45 191.55 156.24 477102 571611 577471 664220
2    1 13 07 20 14 02 40 00   2.124   0.0112  38.57  24.51  -1.00 344646 413574
1 13 07 20 14 03 00 00    1    0 305.94 307.04 291.73 282.44 191.55 156.24 477110 571490 577519 664212
2    1 13 07 20 14 03 00 00   2.112   0.0115  38.53  24.65  -1.00 344630 413525
1 13 07 20 14 03 20 00    1    0 305.94 307.04 291.73 282.45 191.55 156.24 477118 571546 577479 664148
2    1 13 07 20 14 03 20 00   2.113   0.0111  38.42  24.43  -1.00 344581 413452
1 13 07 20 14 03 40 00    1    0 305.94 307.04 291.73 282.43 191.55 156.24 477086 571546 577519 664123
2    1 13 07 20 14 03 40 00   2.120   0.0110  38.48  24.42  -1.00 344573 413444
1 13 07 20 14 04 00 00    1    0 305.93 307.05 291.74 282.43 191.55 156.24 477118 571635 577511 664156
2    1 13 07 20 14 04 00 00   2.118   0.0113  38.53  24.55  -1.00 344630 413614
1 13 07 20 14 04 20 00    1    0 305.94 307.04 291.74 282.41 191.55 156.24 477110 571546 577438 664034
2    1 13 07 20 14 04 20 00   2.113   0.0116  38.57  24.70  -1.00 344646 413622
1 13 07 20 14 04 40 00    1    0 305.94 307.04 291.74 282.41 191.55 156.24 477135 571538 577471 664172
2    1 13 07 20 14 04 40 00   2.110   0.0114  38.47  24.58  -1.00 344622 413541
1 13 07 20 14 05 00 00    1    0 305.95 307.05 291.74 282.43 191.55 156.24 477151 571563 577544 664140
2    1 13 07 20 14 05 00 00   2.109   0.0112  38.40  24.47  -1.00 344598 413501
1 13 07 20 14 05 20 00    1    0 305.95 307.05 291.74 282.42 191.55 156.24 477143 571546 577511 664204
2    1 13 07 20 14 05 20 00   2.111   0.0110  38.36  24.38  -1.00 344573 413428
1 13 07 20 14 05 40 00    1    0 305.95 307.05 291.75 282.42 191.55 156.24 477046 571514 577544 664164
2    1 13 07 20 14 05 40 00   2.125   0.0109  38.51  24.37  -1.00 344541 413380
1 13 07 20 14 06 00 00    1    0 305.94 307.06 291.75 282.41 191.55 156.24 477086 571643 577430 664228
2    1 13 07 20 14 06 00 00   2.131   0.0105  38.49  24.23  -1.00 344573 413428
1 13 07 20 14 06 20 00    1    0 305.94 307.06 291.75 282.44 191.55 156.24 477151 571514 577568 664180
2    1 13 07 20 14 06 20 00   2.108   0.0113  38.42  24.51  -1.00 344598 413461
1 13 07 20 14 06 40 00    1    0 305.95 307.05 291.76 282.45 191.55 156.24 477094 571587 577560 664228
2    1 13 07 20 14 06 40 00   2.118   0.0108  38.40  24.32  -1.00 344525 413412
1 13 07 20 14 07 00 00    1    0 305.95 307.05 291.75 282.47 191.55 156.24 477094 571538 577560 664212
2    1 13 07 20 14 07 00 00   2.117   0.0111  38.47  24.45  -1.00 344557 413436
1 13 07 20 14 07 20 00    1    0 305.95 307.05 291.75 282.47 191.55 156.24 477135 571538 577455 664188
2    1 13 07 20 14 07 20 00   2.106   0.0114  38.41  24.55  -1.00 344573 413493
1 13 07 20 14 07 40 00    1    0 305.94 307.06 291.76 282.45 191.55 156.24 477135 571676 577519 664277
2    1 13 07 20 14 07 40 00   2.131   0.0110  38.62  24.46  -1.00 344678 413574
1 13 07 20 14 08 00 00    1    0 305.94 307.06 291.77 282.43 191.55 156.24 477086 571595 577535 664245
2    1 13 07 20 14 08 00 00   2.132   0.0110  38.63  24.46  -1.00 344630 413485
1 13 07 20 14 08 20 00    1    0 305.94 307.06 291.77 282.43 191.55 156.24 477151 571603 577544 664188
2    1 13 07 20 14 08 20 00   2.111   0.0115  38.49  24.61  -1.00 344622 413582
1 13 07 20 14 08 40 00    1    0 305.94 307.06 291.77 282.43 191.55 156.24 477167 571627 577544 664285
2    1 13 07 20 14 08 40 00   2.115   0.0115  38.57  24.67  -1.00 344678 413638
1 13 07 20 14 09 00 00    1    0 305.94 307.06 291.77 282.42 191.55 156.24 477167 571579 577544 664180
2    1 13 07 20 14 09 00 00   2.110   0.0119  38.61  24.83  -1.00 344703 413687
1 13 07 20 14 09 20 00    1    0 305.94 307.05 291.77 282.40 191.55 156.24 477167 571635 577519 664253
2    1 13 07 20 14 09 20 00   2.115   0.0115  38.57  24.66  -1.00 344678 413638
1 13 07 20 14 09 40 00    1    0 305.94 307.06 291.77 282.41 191.55 156.24 477183 571668 577568 664342
2    1 13 07 20 14 09 40 00   2.124   0.0114  38.65  24.64  -1.00 344735 413655
1 13 07 20 14 10 00 00    1    0 305.93 307.06 291.78 282.41 191.55 156.24 477207 571651 577560 664204
2    1 13 07 20 14 10 00 00   2.117   0.0124  38.83  25.09  -1.00 344856 413905
1 13 07 20 14 10 20 00    1    0 305.94 307.05 291.78 282.42 191.55 156.24 477126 571571 577552 664212
2    1 13 07 20 14 10 20 00   2.116   0.0134  39.12  25.61  -1.00 344921 414131
1 13 07 20 14 10 40 01    1    0 305.94 307.05 291.78 282.43 191.55 156.24 477167 571579 577560 664212
2    1 13 07 20 14 10 40 01   2.107   0.0135  39.04  25.63  -1.00 344921 414148
1 13 07 20 14 11 00 01    1    0 305.94 307.06 291.78 282.44 191.55 156.24 477167 571563 577568 664131
2    1 13 07 20 14 11 00 01   2.112   0.0132  39.01  25.48  -1.00 344905 414051
1 13 07 20 14 11 20 01    1    0 305.93 307.06 291.78 282.45 191.55 156.24 477143 571611 577544 664228
2    1 13 07 20 14 11 20 01   2.134   0.0130  39.23  25.47  -1.00 344994 414091
1 13 07 20 14 11 40 01    1    0 305.94 307.05 291.78 282.42 191.55 156.24 477232 571660 577535 664277
2    1 13 07 20 14 11 40 01   2.110   0.0136  39.08  25.66  -1.00 345010 414245
1 13 07 20 14 12 00 01    1    0 305.94 307.06 291.79 282.43 191.55 156.24 477240 571579 577552 664228
2    1 13 07 20 14 12 00 01   2.099   0.0140  39.05  25.80  -1.00 345002 414245
1 13 07 20 14 12 20 01    1    0 305.94 307.06 291.79 282.43 191.55 156.24 477167 571635 577471 664228
2    1 13 07 20 14 12 20 01   2.117   0.0136  39.16  25.68  -1.00 344994 414228
1 13 07 20 14 12 40 01    1    0 305.94 307.06 291.79 282.43 191.55 156.24 477151 571595 577519 664277
2    1 13 07 20 14 12 40 01   2.110   0.0147  39.40  26.23  -1.00 345107 414511
1 13 07 20 14 13 00 01    1    0 305.94 307.05 291.79 282.41 191.55 156.24 477175 571627 577495 664204
2    1 13 07 20 14 13 00 01   2.114   0.0158  39.77  26.79  -1.00 345325 414875
1 13 07 20 14 13 20 01    1    0 305.94 307.06 291.79 282.43 191.55 156.24 477143 571635 577592 664212
2    1 13 07 20 14 13 20 01   2.131   0.0157  39.95  26.80  -1.00 345382 414891
1 13 07 20 14 13 40 01    1    0 305.94 307.05 291.79 282.42 191.55 156.24 477143 571684 577632 664180
2    1 13 07 20 14 13 40 01   2.130   0.0155  39.89  26.71  -1.00 345341 414899
1 13 07 20 14 14 00 01    1    0 305.94 307.06 291.79 282.43 191.55 156.24 477183 571667 577560 664342
2    1 13 07 20 14 14 00 01   2.126   0.0159  39.95  26.89  -1.00 345414 414980
1 13 07 20 14 14 20 01    1    0 305.95 307.06 291.80 282.43 191.55 156.24 477110 571660 577535 664325
2    1 13 07 20 14 14 20 01   2.138   0.0157  40.05  26.84  -1.00 345390 414940
1 13 07 20 14 14 40 01    1    0 305.94 307.06 291.79 282.44 191.55 156.24 477110 571603 577552 664220
2    1 13 07 20 14 14 40 01   2.132   0.0164  40.16  27.16  -1.00 345446 415069
1 13 07 20 14 15 00 01    1    0 305.94 307.05 291.80 282.43 191.55 156.24 477207 571659 577568 664277
2    1 13 07 20 14 15 00 01   2.112   0.0169  40.04  27.30  -1.00 345479 415206
1 13 07 20 14 15 20 01    1    0 305.94 307.06 291.80 282.43 191.55 156.24 477199 571684 577552 664237
2    1 13 07 20 14 15 20 01   2.129   0.0168  40.23  27.32  -1.00 345568 415247
1 13 07 20 14 15 40 01    1    0 305.94 307.05 291.80 282.40 191.55 156.24 477167 571659 577681 664188
2    1 13 07 20 14 15 40 01   2.122   0.0170  40.21  27.42  -1.00 345519 415287
1 13 07 20 14 16 00 01    1    0 305.95 307.05 291.80 282.39 191.55 156.24 477191 571635 577552 664212
2    1 13 07 20 14 16 00 01   2.118   0.0174  40.27  27.59  -1.00 345576 415368
1 13 07 20 14 16 20 01    1    0 305.94 307.06 291.80 282.39 191.55 156.24 477191 571627 577552 664277
2    1 13 07 20 14 16 20 01   2.126   0.0172  40.31  27.52  -1.00 345600 415312
1 13 07 20 14 16 40 01    1    0 305.93 307.06 291.80 282.39 191.55 156.24 477151 571538 577568 664253
2    1 13 07 20 14 16 40 01   2.117   0.0180  40.42  27.88  -1.00 345616 415425
1 13 07 20 14 17 00 01    1    0 305.94 307.06 291.80 282.39 191.55 156.24 477175 571651 577527 664285
2    1 13 07 20 14 17 00 01   2.129   0.0177  40.50  27.80  -1.00 345681 415489
1 13 07 20 14 17 20 01    1    0 305.94 307.06 291.80 282.37 191.55 156.24 477232 571708 577576 664156
2    1 13 07 20 14 17 20 01   2.130   0.0174  40.41  27.63  -1.00 345697 415465
1 13 07 20 14 17 40 01    1    0 305.93 307.05 291.81 282.36 191.55 156.24 477167 571684 577576 664285
2    1 13 07 20 14 17 40 01   2.132   0.0173  40.40  27.58  -1.00 345624 415408
1 13 07 20 14 18 00 01    1    0 305.93 307.05 291.81 282.36 191.55 156.24 477126 571579 577560 664301
2    1 13 07 20 14 18 00 01   2.132   0.0175  40.47  27.69  -1.00 345616 415360
1 13 07 20 14 18 20 01    1    0 305.94 307.06 291.81 282.36 191.55 156.24 477167 571732 577568 664236
2    1 13 07 20 14 18 20 01   2.128   0.0176  40.44  27.72  -1.00 345640 415538
1 13 07 20 14 18 40 01    1    0 305.94 307.05 291.81 282.37 191.55 156.24 477183 571700 577544 664236
2    1 13 07 20 14 18 40 01   2.126   0.0184  40.66  28.14  -1.00 345770 415756
1 13 07 20 14 19 00 01    1    0 305.93 307.05 291.81 282.36 191.55 156.24 477151 571643 577568 664172
2    1 13 07 20 14 19 00 01   2.134   0.0187  40.85  28.32  -1.00 345834 415813
1 13 07 20 14 19 20 01    1    0 305.93 307.06 291.81 282.36 191.55 156.24 477223 571659 577632 664269
2    1 13 07 20 14 19 20 01   2.126   0.0190  40.84  28.43  -1.00 345899 415893
1 13 07 20 14 19 40 00    1    0 305.94 307.06 291.81 282.35 191.55 156.24 477167 571659 577552 664269
2    1 13 07 20 14 19 40 00   2.137   0.0184  40.79  28.15  -1.00 345818 415724
1 13 07 20 14 20 00 00    1    0 305.94 307.06 291.81 282.34 191.55 156.24 477175 571692 577535 664293
2    1 13 07 20 14 20 00 00   2.133   0.0175  40.49  27.71  -1.00 345673 415497
1 13 07 20 14 20 20 00    1    0 305.93 307.05 291.81 282.31 191.55 156.24 477232 571619 577576 664245
2    1 13 07 20 14 20 20 00   2.119   0.0185  40.59  28.13  -1.00 345786 415675
1 13 07 20 14 20 40 00    1    0 305.94 307.05 291.81 282.31 191.55 156.24 477167 571716 577592 664228
2    1 13 07 20 14 20 40 00   2.147   0.0177  40.72  27.87  -1.00 345786 415619
1 13 07 20 14 21 00 00    1    0 305.94 307.06 291.81 282.30 191.55 156.24 477175 571611 577552 664285
2    1 13 07 20 14 21 00 00   2.115   0.0193  40.77  28.52  -1.00 345818 415893
1 13 07 20 14 21 20 00    1    0 305.94 307.05 291.81 282.29 191.55 156.24 477183 571676 577624 664293
2    1 13 07 20 14 21 20 00   2.116   0.0196  40.85  28.65  -1.00 345867 416039
1 13 07 20 14 21 40 00    1    0 305.94 307.05 291.81 282.30 191.55 156.24 477175 571660 577544 664261
2    1 13 07 20 14 21 40 00   2.130   0.0201  41.17  28.96  -1.00 346028 416201
1 13 07 20 14 22 00 00    1    0 305.93 307.05 291.81 282.31 191.55 156.24 477207 571611 577535 664269
2    1 13 07 20 14 22 00 00   2.124   0.0209  41.34  29.35  -1.00 346149 416378
1 13 07 20 14 22 20 00    1    0 305.94 307.05 291.81 282.30 191.55 156.24 477135 571611 577560 664253
2    1 13 07 20 14 22 20 00   2.128   0.0208  41.34  29.28  -1.00 346077 416338
1 13 07 20 14 22 40 00    1    0 305.93 307.05 291.81 282.32 191.55 156.24 477199 571635 577544 664277
2    1 13 07 20 14 22 40 00   2.106   0.0245  42.09  31.00  -1.00 346537 417372
1 13 07 20 14 23 00 00    1    0 305.94 307.05 291.81 282.34 191.55 156.24 477183 571627 577624 664228
2    1 13 07 20 14 23 00 00   2.118   0.0273  43.04  32.42  -1.00 347014 418205
1 13 07 20 14 23 20 00    1    0 305.94 307.05 291.81 282.34 191.55 156.24 477175 571619 577584 664261
2    1 13 07 20 14 23 20 00   2.125   0.0252  42.55  31.44  -1.00 346748 417615
1 13 07 20 14 23 40 00    1    0 305.94 307.05 291.81 282.34 191.55 156.24 477135 571676 577568 664156
2    1 13 07 20 14 23 40 00   2.142   0.0241  42.46  31.00  -1.00 346659 417421
1 13 07 20 14 24 00 00    1    0 305.93 307.04 291.81 282.34 191.55 156.24 477159 571684 577576 664301
2    1 13 07 20 14 24 00 00   2.129   0.0262  42.86  31.92  -1.00 346893 417979
1 13 07 20 14 24 20 00    1    0 305.94 307.04 291.81 282.33 191.55 156.24 477191 571619 577576 664269
2    1 13 07 20 14 24 20 00   2.119   0.0278  43.19  32.66  -1.00 347095 418342
1 13 07 20 14 24 40 00    1    0 305.93 307.05 291.81 282.33 191.55 156.24 477232 571660 577552 664220
2    1 13 07 20 14 24 40 00   2.116   0.0261  42.68  31.84  -1.00 346877 417906
1 13 07 20 14 25 00 00    1    0 305.94 307.05 291.80 282.32 191.55 156.24 477223 571659 577624 664301
2    1 13 07 20 14 25 00 00   2.113   0.0260  42.63  31.80  -1.00 346845 417882
1 13 07 20 14 25 20 00    1    0 305.94 307.05 291.81 282.35 191.55 156.24 477215 571635 577624 664269
2    1 13 07 20 14 25 20 00   2.125   0.0229  41.90  30.31  -1.00 346449 416968
1 13 07 20 14 25 40 00    1    0 305.94 307.04 291.81 282.36 191.55 156.24 477151 571611 577576 664382
2    1 13 07 20 14 25 40 00   2.128   0.0217  41.61  29.74  -1.00 346230 416597
1 13 07 20 14 26 00 00    1    0 305.94 307.05 291.81 282.37 191.55 156.24 477280 571627 577608 664172
2    1 13 07 20 14 26 00 00   2.115   0.0187  40.61  28.24  -1.00 345842 415732
1 13 07 20 14 26 20 00    1    0 305.94 307.05 291.81 282.37 191.55 156.24 477151 571651 577584 664204
2    1 13 07 20 14 26 20 00   2.122   0.0182  40.54  27.99  -1.00 345673 415611
1 13 07 20 14 26 40 00    1    0 305.94 307.05 291.80 282.36 191.55 156.24 477183 571611 577527 664180
2    1 13 07 20 14 26 40 00   2.115   0.0190  40.67  28.35  -1.00 345778 415788
1 13 07 20 14 27 00 00    1    0 305.94 307.05 291.81 282.37 191.55 156.24 477151 571603 577552 664269
2    1 13 07 20 14 27 00 00   2.119   0.0185  40.60  28.16  -1.00 345705 415659
1 13 07 20 14 27 20 00    1    0 305.94 307.04 291.80 282.37 191.55 156.24 477223 571627 577592 664285
2    1 13 07 20 14 27 20 00   2.111   0.0193  40.70  28.47  -1.00 345834 415869
1 13 07 20 14 27 40 00    1    0 305.93 307.05 291.80 282.37 191.55 156.24 477159 571756 577608 664269
2    1 13 07 20 14 27 40 00   2.135   0.0189  40.91  28.39  -1.00 345875 415958
1 13 07 20 14 28 00 00    1    0 305.94 307.05 291.80 282.38 191.55 156.24 477240 571668 577592 664245
2    1 13 07 20 14 28 00 00   2.112   0.0200  40.93  28.86  -1.00 345972 416152
1 13 07 20 14 28 20 00    1    0 305.93 307.05 291.80 282.37 191.55 156.24 477167 571595 577576 664261
2    1 13 07 20 14 28 20 00   2.112   0.0210  41.20  29.33  -1.00 346044 416354
1 13 07 20 14 28 40 00    1    0 305.94 307.05 291.80 282.37 191.55 156.24 477143 571635 577519 664269
2    1 13 07 20 14 28 40 00   2.123   0.0197  40.98  28.74  -1.00 345899 416039
1 13 07 20 14 29 00 00    1    0 305.94 307.05 291.80 282.36 191.55 156.24 477199 571619 577544 664180
2    1 13 07 20 14 29 00 00   2.110   0.0194  40.74  28.55  -1.00 345834 415918
1 13 07 20 14 29 20 00    1    0 305.93 307.05 291.80 282.35 191.55 156.24 477183 571587 577535 664236
2    1 13 07 20 14 29 20 00   2.109   0.0193  40.70  28.51  -1.00 345802 415861
1 13 07 20 14 29 40 00    1    0 305.93 307.05 291.80 282.34 191.55 156.24 477175 571668 577576 664285
2    1 13 07 20 14 29 40 00   2.122   0.0191  40.79  28.43  -1.00 345842 415893
1 13 07 20 14 30 00 00    1    0 305.94 307.04 291.80 282.35 191.55 156.24 477191 571643 577592 664204
2    1 13 07 20 14 30 00 00   2.115   0.0193  40.76  28.52  -1.00 345842 415926
1 13 07 20 14 30 20 00    1    0 305.93 307.05 291.80 282.34 191.55 156.24 477223 571676 577519 664269
2    1 13 07 20 14 30 20 00   2.114   0.0199  40.91  28.79  -1.00 345956 416120
1 13 07 20 14 30 40 00    1    0 305.93 307.04 291.80 282.34 191.55 156.24 477240 571643 577608 664342
2    1 13 07 20 14 30 40 00   2.101   0.0208  41.01  29.20  -1.00 346028 416322
1 13 07 20 14 31 00 00    1    0 305.94 307.05 291.79 282.32 191.55 156.24 477175 571651 577600 664228
2    1 13 07 20 14 31 00 00   2.106   0.0213  41.21  29.46  -1.00 346069 416492
1 13 07 20 14 31 20 00    1    0 305.93 307.04 291.80 282.31 191.55 156.24 477143 571587 577584 664228
2    1 13 07 20 14 31 20 00   2.125   0.0221  41.69  29.95  -1.00 346279 416710
1 13 07 20 14 31 40 00    1    0 305.94 307.05 291.79 282.30 191.55 156.24 477151 571643 577568 664253
2    1 13 07 20 14 31 40 00   2.121   0.0233  41.98  30.52  -1.00 346440 417106
1 13 07 20 14 32 00 00    1    0 305.94 307.05 291.79 282.30 191.55 156.24 477175 571627 577632 664269
2    1 13 07 20 14 32 00 00   2.121   0.0236  42.04  30.63  -1.00 346489 417154
1 13 07 20 14 32 20 00    1    0 305.93 307.05 291.79 282.32 191.55 156.24 477183 571684 577600 664277
2    1 13 07 20 14 32 20 00   2.124   0.0226  41.82  30.19  -1.00 346384 416952
1 13 07 20 14 32 40 00    1    0 305.93 307.05 291.79 282.35 191.55 156.24 477143 571563 577552 664236
2    1 13 07 20 14 32 40 00   2.119   0.0228  41.79  30.24  -1.00 346327 416855
1 13 07 20 14 33 00 00    1    0 305.94 307.05 291.79 282.37 191.55 156.24 477183 571603 577479 664253
2    1 13 07 20 14 33 00 00   2.114   0.0224  41.62  30.02  -1.00 346287 416766
1 13 07 20 14 33 20 00    1    0 305.93 307.04 291.79 282.36 191.55 156.24 477199 571643 577503 664269
2    1 13 07 20 14 33 20 00   2.109   0.0223  41.52  29.94  -1.00 346255 416758
1 13 07 20 14 33 40 00    1    0 305.93 307.04 291.78 282.35 191.55 156.24 477143 571603 577511 664180
2    1 13 07 20 14 33 40 00   2.117   0.0238  42.06  30.73  -1.00 346481 417187
1 13 07 20 14 34 00 00    1    0 305.94 307.05 291.78 282.33 191.55 156.24 477135 571546 577560 664261
2    1 13 07 20 14 34 00 00   2.110   0.0250  42.29  31.26  -1.00 346594 417437
1 13 07 20 14 34 20 00    1    0 305.93 307.04 291.78 282.32 191.55 156.24 477143 571619 577568 664220
2    1 13 07 20 14 34 20 00   2.112   0.0264  42.71  31.96  -1.00 346820 417922
1 13 07 20 14 34 40 00    1    0 305.94 307.04 291.78 282.32 191.55 156.24 477191 571522 577568 664196
2    1 13 07 20 14 34 40 00   2.104   0.0272  42.85  32.34  -1.00 346942 418051
1 13 07 20 14 35 00 00    1    0 305.93 307.05 291.78 282.33 191.55 156.24 477143 571635 577560 664253
2    1 13 07 20 14 35 00 00   2.130   0.0258  42.78  31.76  -1.00 346853 417817
1 13 07 20 14 35 20 01    1    0 305.94 307.04 291.78 282.32 191.55 156.24 477062 571643 577535 664236
2    1 13 07 20 14 35 20 01   2.140   0.0247  42.60  31.26  -1.00 346675 417534
1 13 07 20 14 35 40 01    1    0 305.93 307.05 291.78 282.31 191.55 156.24 477078 571579 577511 664236
2    1 13 07 20 14 35 40 01   2.124   0.0254  42.59  31.54  -1.00 346683 417631
1 13 07 20 14 36 00 01    1    0 305.93 307.04 291.78 282.32 191.55 156.24 477126 571514 577527 664172
2    1 13 07 20 14 36 00 01   2.107   0.0269  42.81  32.21  -1.00 346845 417962
1 13 07 20 14 36 20 01    1    0 305.94 307.04 291.78 282.30 191.55 156.24 477183 571603 577560 664156
2    1 13 07 20 14 36 20 01   2.098   0.0283  43.08  32.84  -1.00 347047 418431
1 13 07 20 14 36 40 01    1    0 305.94 307.04 291.78 282.30 191.55 156.24 477135 571587 577552 664115
2    1 13 07 20 14 36 40 01   2.113   0.0297  43.65  33.56  -1.00 347297 418852
1 13 07 20 14 37 00 01    1    0 305.94 307.05 291.77 282.30 191.55 156.24 477143 571554 577495 664253
2    1 13 07 20 14 37 00 01   2.116   0.0321  44.35  34.73  -1.00 347677 419506
1 13 07 20 14 37 20 01    1    0 305.93 307.05 291.77 282.31 191.55 156.24 477167 571563 577495 664140
2    1 13 07 20 14 37 20 01   2.106   0.0347  44.96  35.95  -1.00 348025 420242
1 13 07 20 14 37 40 01    1    0 305.93 307.04 291.77 282.30 191.55 156.24 477094 571579 577455 664269
2    1 13 07 20 14 37 40 01   2.132   0.0323  44.60  34.88  -1.00 347766 419619
1 13 07 20 14 38 00 01    1    0 305.94 307.04 291.77 282.31 191.55 156.24 477135 571482 577552 664180
2    1 13 07 20 14 38 00 01   2.114   0.0304  43.86  33.91  -1.00 347418 418941
1 13 07 20 14 38 20 01    1    0 305.93 307.04 291.77 282.31 191.55 156.24 477102 571627 577519 664228
2    1 13 07 20 14 38 20 01   2.130   0.0287  43.57  33.14  -1.00 347233 418633
1 13 07 20 14 38 40 01    1    0 305.94 307.04 291.77 282.30 191.55 156.24 477159 571619 577511 664212
2    1 13 07 20 14 38 40 01   2.128   0.0279  43.35  32.78  -1.00 347176 418415
1 13 07 20 14 39 00 01    1    0 305.93 307.04 291.76 282.30 191.55 156.24 477199 571587 577568 664212
2    1 13 07 20 14 39 00 01   2.102   0.0280  43.05  32.72  -1.00 347063 418351
1 13 07 20 14 39 20 01    1    0 305.93 307.05 291.77 282.29 191.55 156.24 477175 571635 577511 664245
2    1 13 07 20 14 39 20 01   2.121   0.0278  43.23  32.69  -1.00 347136 418383
1 13 07 20 14 39 40 01    1    0 305.94 307.04 291.76 282.28 191.55 156.24 477110 571554 577527 664148
2    1 13 07 20 14 39 40 01   2.127   0.0265  42.93  32.08  -1.00 346917 417946
1 13 07 20 14 40 00 01    1    0 305.94 307.04 291.76 282.29 191.55 156.24 477135 571546 577511 664220
2    1 13 07 20 14 40 00 01   2.113   0.0264  42.74  31.99  -1.00 346845 417882
1 13 07 20 14 40 20 01    1    0 305.93 307.04 291.76 282.30 191.55 156.24 477159 571587 577503 664123
2    1 13 07 20 14 40 20 01   2.094   0.0280  42.92  32.65  -1.00 346966 418318
1 13 07 20 14 40 40 01    1    0 305.93 307.04 291.75 282.31 191.55 156.24 477143 571563 577455 664148
2    1 13 07 20 14 40 40 01   2.112   0.0290  43.44  33.21  -1.00 347224 418633
1 13 07 20 14 41 00 01    1    0 305.93 307.04 291.75 282.31 191.55 156.24 477070 571506 577519 664172
2    1 13 07 20 14 41 00 01   2.123   0.0302  43.91  33.84  -1.00 347394 418941
1 13 07 20 14 41 20 01    1    0 305.94 307.04 291.75 282.32 191.55 156.24 477070 571611 577503 664156
2    1 13 07 20 14 41 20 01   2.130   0.0304  44.05  33.96  -1.00 347467 419126
1 13 07 20 14 41 40 01    1    0 305.93 307.04 291.75 282.32 191.55 156.24 477143 571506 577560 664236
2    1 13 07 20 14 41 40 01   2.114   0.0316  44.21  34.51  -1.00 347620 419337
1 13 07 20 14 42 00 01    1    0 305.93 307.04 291.75 282.33 191.55 156.24 477102 571595 577584 664172
2    1 13 07 20 14 42 00 01   2.120   0.0319  44.34  34.65  -1.00 347645 419514
1 13 07 20 14 42 20 01    1    0 305.93 307.04 291.74 282.35 191.55 156.24 477094 571571 577519 664228
2    1 13 07 20 14 42 20 01   2.133   0.0315  44.40  34.51  -1.00 347669 419409
1 13 07 20 14 42 40 01    1    0 305.93 307.04 291.74 282.36 191.55 156.24 477086 571587 577576 664164
2    1 13 07 20 14 42 40 01   2.127   0.0318  44.41  34.64  -1.00 347661 419506
1 13 07 20 14 43 00 01    1    0 305.93 307.04 291.74 282.35 191.55 156.24 477159 571603 577511 664228
2    1 13 07 20 14 43 00 01   2.109   0.0327  44.42  34.97  -1.00 347742 419716
1 13 07 20 14 43 20 01    1    0 305.93 307.04 291.74 282.36 191.55 156.24 477151 571554 577600 664228
2    1 13 07 20 14 43 20 01   2.110   0.0331  44.56  35.21  -1.00 347806 419805
1 13 07 20 14 43 40 01    1    0 305.94 307.05 291.74 282.36 191.55 156.24 477191 571635 577463 664180
2    1 13 07 20 14 43 40 01   2.118   0.0317  44.27  34.55  -1.00 347701 419506
1 13 07 20 14 44 00 00    1    0 305.93 307.05 291.74 282.37 191.55 156.24 477175 571587 577479 664212
2    1 13 07 20 14 44 00 00   2.112   0.0311  44.01  34.21  -1.00 347556 419256
1 13 07 20 14 44 20 00    1    0 305.93 307.04 291.74 282.37 191.55 156.24 477102 571562 577544 664172
2    1 13 07 20 14 44 20 00   2.123   0.0316  44.31  34.54  -1.00 347637 419425
1 13 07 20 14 44 40 00    1    0 305.93 307.04 291.73 282.38 191.55 156.24 477151 571627 577552 664245
2    1 13 07 20 14 44 40 00   2.108   0.0340  44.78  35.61  -1.00 347936 420129
1 13 07 20 14 45 00 00    1    0 305.94 307.04 291.73 282.39 191.55 156.24 477175 571651 577552 664156
2    1 13 07 20 14 45 00 00   2.116   0.0334  44.72  35.36  -1.00 347928 420016
1 13 07 20 14 45 20 00    1    0 305.94 307.04 291.73 282.39 191.55 156.24 477110 571595 577544 664188
2    1 13 07 20 14 45 20 00   2.130   0.0313  44.29  34.39  -1.00 347637 419385
1 13 07 20 14 45 40 00    1    0 305.93 307.05 291.73 282.40 191.55 156.24 477135 571595 577560 664180
2    1 13 07 20 14 45 40 00   2.127   0.0307  44.11  34.11  -1.00 347564 419223
1 13 07 20 14 46 00 00    1    0 305.93 307.04 291.73 282.43 191.55 156.24 477126 571660 577552 664188
2    1 13 07 20 14 46 00 00   2.135   0.0303  44.10  33.96  -1.00 347548 419207
1 13 07 20 14 46 20 00    1    0 305.94 307.04 291.72 282.41 191.55 156.24 477175 571635 577552 664236
2    1 13 07 20 14 46 20 00   2.112   0.0316  44.18  34.50  -1.00 347645 419506
1 13 07 20 14 46 40 00    1    0 305.94 307.05 291.72 282.39 191.55 156.24 477199 571668 577552 664293
2    1 13 07 20 14 46 40 00   2.116   0.0332  44.66  35.26  -1.00 347920 419983
1 13 07 20 14 47 00 00    1    0 305.93 307.04 291.72 282.38 191.55 156.24 477199 571619 577608 664204
2    1 13 07 20 14 47 00 00   2.121   0.0333  44.74  35.31  -1.00 347960 419967
1 13 07 20 14 47 20 00    1    0 305.93 307.05 291.72 282.39 191.55 156.24 477118 571587 577665 664237
2    1 13 07 20 14 47 20 00   2.131   0.0329  44.78  35.20  -1.00 347895 419870
1 13 07 20 14 47 40 00    1    0 305.94 307.04 291.72 282.37 191.55 156.24 477094 571595 577527 664188
2    1 13 07 20 14 47 40 00   2.143   0.0326  44.81  35.06  -1.00 347887 419797
1 13 07 20 14 48 00 00    1    0 305.94 307.05 291.72 282.37 191.55 156.24 477086 571619 577552 664220
2    1 13 07 20 14 48 00 00   2.131   0.0323  44.59  34.88  -1.00 347758 419716
1 13 07 20 14 48 20 00    1    0 305.94 307.04 291.71 282.37 191.55 156.24 477110 571603 577535 664245
2    1 13 07 20 14 48 20 00   2.124   0.0314  44.27  34.45  -1.00 347612 419442
1 13 07 20 14 48 40 00    1    0 305.94 307.04 291.71 282.39 191.55 156.24 477151 571563 577552 664253
2    1 13 07 20 14 48 40 00   2.124   0.0302  43.94  33.87  -1.00 347483 419054
1 13 07 20 14 49 00 00    1    0 305.94 307.04 291.71 282.40 191.55 156.24 477135 571571 577600 664228
2    1 13 07 20 14 49 00 00   2.133   0.0288  43.65  33.22  -1.00 347313 418674
1 13 07 20 14 49 20 00    1    0 305.93 307.04 291.71 282.39 191.55 156.24 477118 571595 577511 664139
2    1 13 07 20 14 49 20 00   2.124   0.0283  43.39  32.92  -1.00 347160 418528
1 13 07 20 14 49 40 00    1    0 305.94 307.05 291.71 282.40 191.55 156.24 477135 571603 577535 664285
2    1 13 07 20 14 49 40 00   2.125   0.0274  43.16  32.50  -1.00 347055 418278
1 13 07 20 14 50 00 00    1    0 305.94 307.04 291.71 282.39 191.55 156.24 477191 571643 577544 664333
2    1 13 07 20 14 50 00 00   2.119   0.0263  42.77  31.94  -1.00 346917 417987
1 13 07 20 14 50 20 00    1    0 305.93 307.04 291.71 282.38 191.55 156.24 477086 571635 577455 664156
2    1 13 07 20 14 50 20 00   2.138   0.0252  42.72  31.52  -1.00 346788 417736
1 13 07 20 14 50 40 00    1    0 305.94 307.05 291.71 282.37 191.55 156.24 477151 571635 577503 664253
2    1 13 07 20 14 50 40 00   2.113   0.0279  43.13  32.68  -1.00 347071 418423
1 13 07 20 14 51 00 00    1    0 305.93 307.04 291.70 282.37 191.55 156.24 477094 571635 577519 664277
2    1 13 07 20 14 51 00 00   2.129   0.0284  43.50  33.02  -1.00 347208 418625
1 13 07 20 14 51 20 00    1    0 305.93 307.05 291.70 282.37 191.55 156.24 477126 571563 577527 664253
2    1 13 07 20 14 51 20 00   2.112   0.0286  43.33  33.04  -1.00 347152 418561
1 13 07 20 14 51 40 00    1    0 305.94 307.05 291.70 282.36 191.55 156.24 477159 571619 577527 664269
2    1 13 07 20 14 51 40 00   2.120   0.0269  42.95  32.24  -1.00 346990 418140
1 13 07 20 14 52 00 00    1    0 305.94 307.05 291.70 282.36 191.55 156.24 477151 571659 577568 664261
2    1 13 07 20 14 52 00 00   2.123   0.0262  42.80  31.91  -1.00 346901 417987
1 13 07 20 14 52 20 00    1    0 305.94 307.04 291.70 282.37 191.55 156.24 477078 571619 577560 664293
2    1 13 07 20 14 52 20 00   2.130   0.0255  42.68  31.60  -1.00 346764 417760
1 13 07 20 14 52 40 00    1    0 305.93 307.04 291.70 282.37 191.55 156.24 477167 571563 577584 664228
2    1 13 07 20 14 52 40 00   2.112   0.0251  42.36  31.36  -1.00 346683 417558
1 13 07 20 14 53 00 00    1    0 305.94 307.04 291.70 282.37 191.55 156.24 477102 571562 577576 664269
2    1 13 07 20 14 53 00 00   2.107   0.0242  42.03  30.87  -1.00 346440 417259
1 13 07 20 14 53 20 00    1    0 305.93 307.05 291.70 282.36 191.55 156.24 477094 571651 577576 664212
2    1 13 07 20 14 53 20 00   2.123   0.0234  42.02  30.57  -1.00 346424 417179
1 13 07 20 14 53 40 00    1    0 305.93 307.05 291.69 282.34 191.55 156.24 477054 571619 577447 664156
2    1 13 07 20 14 53 40 00   2.138   0.0230  42.09  30.42  -1.00 346424 417065
1 13 07 20 14 54 00 00    1    0 305.93 307.05 291.69 282.33 191.55 156.24 477062 571563 577511 664164
2    1 13 07 20 14 54 00 00   2.134   0.0230  42.05  30.41  -1.00 346408 417009
1 13 07 20 14 54 20 00    1    0 305.94 307.04 291.69 282.33 191.55 156.24 477070 571643 577592 664261
2    1 13 07 20 14 54 20 00   2.143   0.0227  42.08  30.30  -1.00 346424 417025
1 13 07 20 14 54 40 00    1    0 305.94 307.05 291.69 282.34 191.55 156.24 477159 571563 577584 664188
2    1 13 07 20 14 54 40 00   2.118   0.0233  41.91  30.47  -1.00 346424 417041
1 13 07 20 14 55 00 00    1    0 305.94 307.05 291.69 282.34 191.55 156.24 477167 571627 577535 664245
2    1 13 07 20 14 55 00 00   2.117   0.0235  41.98  30.60  -1.00 346473 417187
1 13 07 20 14 55 20 00    1    0 305.93 307.04 291.69 282.33 191.55 156.24 477110 571627 577552 664131
2    1 13 07 20 14 55 20 00   2.123   0.0250  42.48  31.35  -1.00 346675 417639
1 13 07 20 14 55 40 00    1    0 305.94 307.04 291.68 282.34 191.55 156.24 477118 571563 577576 664212
2    1 13 07 20 14 55 40 00   2.119   0.0266  42.85  32.07  -1.00 346877 418003
1 13 07 20 14 56 00 00    1    0 305.93 307.05 291.69 282.34 191.55 156.24 477135 571635 577544 664253
2    1 13 07 20 14 56 00 00   2.124   0.0258  42.69  31.71  -1.00 346812 417857
1 13 07 20 14 56 20 00    1    0 305.93 307.04 291.69 282.35 191.55 156.24 477126 571595 577519 664253
2    1 13 07 20 14 56 20 00   2.115   0.0251  42.40  31.36  -1.00 346651 417607
1 13 07 20 14 56 40 00    1    0 305.93 307.05 291.69 282.33 191.55 156.24 477151 571643 577471 664212
2    1 13 07 20 14 56 40 00   2.119   0.0248  42.37  31.24  -1.00 346667 417591
1 13 07 20 14 57 00 00    1    0 305.93 307.05 291.68 282.32 191.55 156.24 477102 571595 577511 664196
2    1 13 07 20 14 57 00 00   2.132   0.0246  42.46  31.16  -1.00 346667 417502
1 13 07 20 14 57 20 00    1    0 305.93 307.04 291.68 282.32 191.55 156.24 477070 571498 577463 664123
2    1 13 07 20 14 57 20 00   2.124   0.0236  42.10  30.67  -1.00 346449 417114
1 13 07 20 14 57 40 00    1    0 305.93 307.04 291.68 282.33 191.55 156.24 477094 571563 577447 664107
2    1 13 07 20 14 57 40 00   2.116   0.0230  41.83  30.35  -1.00 346335 416993
1 13 07 20 14 58 00 00    1    0 305.94 307.04 291.68 282.33 191.55 156.24 477094 571579 577463 664220
2    1 13 07 20 14 58 00 00   2.127   0.0220  41.67  29.87  -1.00 346255 416726
1 13 07 20 14 58 20 00    1    0 305.93 307.04 291.68 282.32 191.55 156.24 477151 571554 577560 664148
2    1 13 07 20 14 58 20 00   2.121   0.0217  41.53  29.74  -1.00 346238 416621
1 13 07 20 14 58 40 00    1    0 305.94 307.04 291.67 282.32 191.55 156.24 477126 571579 577430 664220
2    1 13 07 20 14 58 40 00   2.126   0.0218  41.62  29.80  -1.00 346271 416686
1 13 07 20 14 59 00 00    1    0 305.94 307.05 291.67 282.32 191.55 156.24 477102 571530 577544 664204
2    1 13 07 20 14 59 00 00   2.118   0.0219  41.53  29.80  -1.00 346198 416629
1 13 07 20 14 59 20 00    1    0 305.93 307.04 291.67 282.33 191.55 156.24 477086 571595 577495 664156
2    1 13 07 20 14 59 20 00   2.135   0.0212  41.55  29.51  -1.00 346190 416532
1 13 07 20 14 59 40 01    1    0 305.93 307.05 291.67 282.31 191.55 156.24 477135 571603 577544 664172
2    1 13 07 20 14 59 40 01   2.126   0.0211  41.40  29.42  -1.00 346166 416492
1 13 07 20 15 00 00 01    1    0 305.94 307.04 291.67 282.32 191.55 156.24 477086 571635 577535 664204
2    1 13 07 20 15 00 00 01   2.137   0.0209  41.50  29.40  -1.00 346166 416516
