"TOA5","GND_CR3000","CR3000","8096","CR3000.Std.25","CPU:NSAC1_GND_140919.CR3","11856","Table213"
"TIMESTAMP","RECORD","PIR_Wm2_Avg","US_Wm2_Avg","IRT_K_Avg","PIR_Wm2_Std","US_Wm2_Std","IRT_K_Std","PIR_Wm2_Max","US_Wm2_Max","IRT_K_Max","PIR_Wm2_Min","US_Wm2_Min","IRT_K_Min","SAMP20(1)","SAMP20(2)","SAMP20(3)","SAMP20(4)","SAMP20(5)","SAMP40(1)","SAMP40(2)","SAMP40(3)","SAMP40(4)","SAMP40(5)","Dome_R_O","Case_R_O","Net_mV","US_mV","IRT_V","Batt_V_Min","CR3Temp_C_Avg"
"TS","RN","","","","","","","","","","","","","","","","","","","","","","","","","","","","",""
"","","Avg","Avg","Avg","Std","Std","Std","Max","Max","Max","Min","Min","Min","Smp","Smp","Smp","Smp","Smp","Smp","Smp","Smp","Smp","Smp","Smp","Smp","Smp","Smp","Smp","Min","Avg"
"2014-12-10 17:00:00",117927,211.1443,-0.2930492,244.4386,0.057,0.024,0.076,211.3,-0.233,244.7,211,-0.349,244.3,78.00025,76.81261,-0.1106776,-0.002340614,0.8503059,78.02282,76.80332,-0.1110143,-0.002675043,0.8503202,78.01479,76.78768,-0.1116831,-0.003009424,0.8517277,13.34,11.13
"2014-12-10 17:01:00",117928,210.9875,-0.411443,244.3676,0.055,0.045,0.088,211.2,-0.311,244.6,210.9,-0.505,244.1,78.01198,76.76147,-0.1126881,-0.00334386,0.8450324,77.99597,76.73022,-0.1126881,-0.003678246,0.8503315,77.97192,76.7146,-0.1126881,-0.004012632,0.8476819,13.34,11.04
"2014-12-10 17:02:00",117929,210.94,-0.5227223,244.2929,0.051,0.028,0.105,211.1,-0.466,244.6,210.8,-0.543,243.9,77.93605,76.70305,-0.1123547,-0.004681448,0.8449587,77.90406,76.67183,-0.1126891,-0.004681448,0.8433027,77.87698,76.66106,-0.1126904,-0.004681502,0.8444691,13.35,10.97
"2014-12-10 17:03:00",117930,210.8647,-0.5460191,244.3095,0.05,0.01,0.136,211,-0.543,244.8,210.8,-0.582,244.1,77.84504,76.62987,-0.112356,-0.004681502,0.8453799,77.801,76.61807,-0.1123571,-0.004681545,0.8410836,77.75316,76.60249,-0.1123571,-0.004681545,0.8397588,13.35,10.92
"2014-12-10 17:04:00",117931,210.7698,-0.5085035,244.2056,0.059,0.031,0.086,210.9,-0.466,244.4,210.6,-0.543,244,77.73236,76.57442,-0.1126928,-0.004347199,0.841091,77.70049,76.56662,-0.1126928,-0.004347199,0.841091,77.66315,76.5535,-0.1123589,-0.004012819,0.8359597,13.35,10.89
"2014-12-10 17:05:00",117932,210.7274,-0.4082295,244.2657,0.057,0.043,0.106,210.8,-0.311,244.7,210.6,-0.466,244.1,77.62338,76.53015,-0.1120245,-0.003678418,0.845813,77.60748,76.50684,-0.1123589,-0.003344016,0.8397686,77.58721,76.49479,-0.1123594,-0.002675224,0.8386148,13.35,10.88
"2014-12-10 17:06:00",117933,210.7201,-0.2458446,244.2065,0.047,0.054,0.105,210.9,-0.155,244.5,210.6,-0.349,244,77.55543,76.47925,-0.112025,-0.002006418,0.8463982,77.52654,76.45874,-0.1120254,-0.002006424,0.8346447,77.51862,76.43547,-0.1120254,-0.001337616,0.842428,13.35,10.88
"2014-12-10 17:07:00",117934,210.7933,-0.05628563,244.298,0.058,0.067,0.097,210.9,0.078,244.6,210.6,-0.155,244.1,77.51295,76.42216,-0.1123601,-0.001003215,0.8437564,77.48914,76.3989,-0.1123601,-0.0003344049,0.8424315,77.46721,76.3852,-0.1120259,0.0003344056,0.8437592,13.35,10.89
"2014-12-10 17:08:00",117935,210.8866,0.1546244,244.2933,0.051,0.055,0.113,211,0.233,244.7,210.8,0.039,244,77.45136,76.36193,-0.1116915,0.001337623,0.837135,77.44487,76.35558,-0.1123605,0.001337625,0.8503855,77.42109,76.33233,-0.1120261,0.002006437,0.8437613,13.34,10.92
"2014-12-10 17:09:00",117936,210.9348,0.2866064,244.3409,0.059,0.046,0.119,211.1,0.388,244.9,210.8,0.194,244.1,77.39734,76.30135,-0.1116917,0.002006437,0.8411117,77.35101,76.27929,-0.1120267,0.002675264,0.8437631,77.32729,76.2561,-0.1120267,0.003009672,0.8373045,13.34,10.95
"2014-12-10 17:10:00",117937,210.9053,0.4114718,244.3772,0.042,0.036,0.099,211,0.466,244.6,210.8,0.349,244.2,77.28716,76.22456,-0.1120267,0.003344081,0.8437645,77.25557,76.20139,-0.1116923,0.003678489,0.8464142,77.22504,76.17925,-0.1120267,0.004012898,0.8479059,13.34,11
"2014-12-10 17:11:00",117938,210.8862,0.5033414,244.3879,0.045,0.033,0.127,211,0.543,244.9,210.8,0.466,244.2,77.1935,76.1638,-0.1123611,0.004347306,0.8464154,77.15338,76.13224,-0.1120268,0.004681715,0.8530371,77.12977,76.10139,-0.1120268,0.004681715,0.8425211,13.34,11.05
"2014-12-10 17:12:00",117939,210.8432,0.5913255,244.3937,0.059,0.031,0.112,211,0.621,244.7,210.7,0.543,244.2,77.08041,76.0762,-0.1120258,0.005016082,0.8411114,77.04108,76.05308,-0.1123602,0.005350487,0.8451687,77.04108,76.01461,-0.1126946,0.005350487,0.8438438,13.34,11.11
"2014-12-10 17:13:00",117940,210.8315,0.6359628,244.3079,0.046,0.019,0.099,211,0.66,244.5,210.7,0.621,244,77.02368,75.98986,-0.1130288,0.005350474,0.8437559,76.99226,75.9668,-0.1130288,0.005684879,0.8478132,76.96732,75.94239,-0.1130286,0.005684868,0.8397807,13.34,11.17
"2014-12-10 17:14:00",117941,210.7534,0.6696033,244.3084,0.065,0.025,0.094,210.9,0.699,244.7,210.6,0.621,244.1,76.93594,75.904,-0.1136974,0.005350464,0.8412712,76.91134,75.88759,-0.1136972,0.005684859,0.8424299,76.91134,75.86459,-0.1140316,0.005350456,0.8478948,13.33,11.23
"2014-12-10 17:15:00",117942,210.6897,0.6456622,244.2689,0.051,0.026,0.101,210.8,0.699,244.5,210.6,0.621,244,76.87756,75.83153,-0.114031,0.00601923,0.8411875,76.84624,75.80853,-0.114031,0.005350427,0.8372958,76.82864,75.78365,-0.1146988,0.005350381,0.8411837,13.33,11.3
"2014-12-10 17:16:00",117943,210.6116,0.5841963,244.2742,0.058,0.038,0.12,210.8,0.66,244.7,210.5,0.505,244.1,76.82079,75.76067,-0.1150332,0.005015982,0.8425913,76.82079,75.73006,-0.115702,0.005015982,0.8346424,76.81927,75.72095,-0.1160366,0.004347192,0.8439131,13.33,11.38
"2014-12-10 17:17:00",117944,210.5544,0.4192238,244.2397,0.062,0.062,0.096,210.7,0.543,244.5,210.4,0.311,244.1,76.81144,75.69037,-0.116371,0.004012792,0.8425883,76.82431,75.66473,-0.1173738,0.003343984,0.8439107,76.80866,75.64945,-0.1173738,0.002675187,0.8425859,13.33,11.45
"2014-12-10 17:18:00",117945,210.5098,0.2283725,244.2488,0.057,0.05,0.111,210.6,0.311,244.7,210.4,0.155,244,76.79079,75.61674,-0.1180423,0.002340783,0.8399343,76.79079,75.60148,-0.1180423,0.001671988,0.8439088,76.76707,75.59362,-0.1180416,0.001671978,0.8425754,13.33,11.53
"2014-12-10 17:19:00",117946,210.3916,0.1656171,244.1895,0.061,0.019,0.081,210.5,0.194,244.5,210.3,0.116,244,76.73585,75.57076,-0.1180416,0.001337582,0.8399258,76.7419,75.56145,-0.1187093,0.001671963,0.8385942,76.72628,75.5462,-0.1187093,0.001003178,0.8424857,13.32,11.61
"2014-12-10 17:20:00",117947,210.3682,0.1358564,244.184,0.039,0.019,0.08,210.5,0.155,244.3,210.3,0.116,244,76.71066,75.53857,-0.1187093,0.001003178,0.8443074,76.70145,75.5296,-0.1187085,0.00100317,0.8372674,76.68584,75.50674,-0.1187085,0.00100317,0.8412418,13.32,11.69
"2014-12-10 17:21:00",117948,210.3279,0.192784,244.1522,0.05,0.039,0.087,210.5,0.272,244.4,210.2,0.116,243.9,76.66761,75.49655,-0.1187073,0.001337547,0.8372589,76.62862,75.48896,-0.1183729,0.001671934,0.8346093,76.61871,75.47166,-0.1187064,0.002006305,0.8399051,13.32,11.78
"2014-12-10 17:22:00",117949,210.3089,0.3461028,244.1562,0.051,0.047,0.09,210.4,0.427,244.4,210.2,0.272,244,76.59531,75.46404,-0.118372,0.002675073,0.834606,76.57806,75.45477,-0.1183717,0.003343834,0.8387433,76.54693,75.43956,-0.1180374,0.003678218,0.8378325,13.32,11.86
"2014-12-10 17:23:00",117950,210.2935,0.506538,244.1247,0.054,0.052,0.086,210.4,0.621,244.3,210.2,0.427,243.9,76.52071,75.42916,-0.1180371,0.004012594,0.830627,76.48962,75.42155,-0.1180371,0.004346977,0.8372508,76.46633,75.39877,-0.1180371,0.005015742,0.8359261,13.31,11.94
"2014-12-10 17:24:00",117951,210.2228,0.72131,244.1414,0.047,0.072,0.134,210.3,0.815,244.6,210.1,0.582,243.9,76.45471,75.37226,-0.1183709,0.005684477,0.8372491,76.47025,75.37986,-0.1187053,0.006353239,0.8412234,76.44543,75.36318,-0.1190391,0.007021969,0.8398973,13.31,12.03
"2014-12-10 17:25:00",117952,210.1811,0.9567799,244.0713,0.049,0.077,0.086,210.3,1.048,244.3,210.1,0.815,243.8,76.44543,75.34043,-0.1187047,0.008025108,0.8332735,76.42715,75.33016,-0.1190382,0.008359423,0.8385644,76.4194,75.32256,-0.1190382,0.009028177,0.8398892,13.31,12.11
"2014-12-10 17:26:00",117953,210.1882,1.174778,244.1478,0.055,0.061,0.097,210.3,1.281,244.5,210.1,1.087,244,76.40012,75.30372,-0.1190374,0.00969687,0.8451816,76.39234,75.30372,-0.1193718,0.01036562,0.8387236,76.37386,75.27049,-0.1190369,0.01103431,0.8346615,13.31,12.2
"2014-12-10 17:27:00",117954,210.2492,1.328083,244.1209,0.047,0.037,0.093,210.3,1.358,244.3,210.1,1.242,243.9,76.37386,75.27049,-0.1193712,0.01136869,0.8398776,76.35836,75.26293,-0.1190369,0.01170306,0.8345788,76.34975,75.24693,-0.1193702,0.01170296,0.8327461,13.31,12.28
"2014-12-10 17:28:00",117955,210.3262,1.368178,244.0673,0.054,0.018,0.1,210.4,1.436,244.2,210.2,1.358,243.8,76.34199,75.24693,-0.1190359,0.01170296,0.8372171,76.33825,75.22816,-0.1190351,0.01170289,0.8345623,76.3073,75.2206,-0.1187007,0.01203725,0.8332376,13.31,12.37
"2014-12-10 17:29:00",117956,210.4011,1.385633,244.108,0.059,0.025,0.086,210.5,1.436,244.4,210.3,1.358,243.9,76.31203,75.20254,-0.1187001,0.01170283,0.8333127,76.3043,75.18742,-0.1190345,0.01203719,0.8372868,76.28488,75.19115,-0.1186991,0.01170273,0.8320646,13.31,12.45
"2014-12-10 17:30:00",117957,210.5415,1.388205,244.1657,0.046,0.033,0.116,210.7,1.436,244.5,210.4,1.358,244,76.27714,75.16848,-0.1183647,0.01170273,0.83074,76.25852,75.16541,-0.118364,0.01203701,0.8386831,76.26624,75.15029,-0.118364,0.01237137,0.8360337,13.3,12.53
"2014-12-10 17:31:00",117958,210.6961,1.459998,244.2648,0.084,0.028,0.102,210.8,1.514,244.5,210.5,1.436,244.1,76.25852,75.15029,-0.118364,0.01237137,0.8398421,76.21737,75.13275,-0.1176946,0.01270567,0.8451333,76.20966,75.12519,-0.1173602,0.01270567,0.846458,13.3,12.62
"2014-12-10 17:32:00",117959,210.8975,1.513679,244.3054,0.06,0.012,0.135,211,1.552,244.7,210.7,1.475,243.9,76.19994,75.10815,-0.1170254,0.01303997,0.8451273,76.19221,75.10059,-0.1170254,0.01303997,0.8491012,76.18134,75.08999,-0.1166906,0.01303992,0.8543915,13.3,12.7
"2014-12-10 17:33:00",117960,210.9764,1.553775,244.3305,0.07,0.029,0.09,211.2,1.591,244.6,210.9,1.514,244.1,76.15819,75.08243,-0.117025,0.01370864,0.8464437,76.14022,75.06488,-0.1163554,0.01337419,0.8491691,76.14022,75.05733,-0.1166898,0.01370854,0.8451952,13.3,12.78
"2014-12-10 17:34:00",117961,210.9926,1.58934,244.3207,0.05,0.019,0.1,211.1,1.63,244.6,210.9,1.552,244.1,76.14594,75.04032,-0.1166891,0.01370847,0.8424579,76.13052,75.04032,-0.1170235,0.01370847,0.8504056,76.12279,75.03277,-0.1170235,0.01370847,0.8386496,13.3,12.86
"2014-12-10 17:35:00",117962,210.8775,1.556338,244.2944,0.06,0.025,0.1,211,1.63,244.5,210.7,1.514,244.1,76.09655,75.01463,-0.1173573,0.01337405,0.8437782,76.10424,75.00711,-0.1176917,0.01337405,0.8411289,76.10945,75.00468,-0.1180251,0.01337395,0.8459272,13.3,12.94
"2014-12-10 17:36:00",117963,210.7672,1.512342,244.2303,0.06,0.021,0.095,210.9,1.552,244.6,210.6,1.436,244,76.10945,74.98962,-0.1183595,0.01337395,0.8412911,76.09049,74.98615,-0.1183593,0.01303958,0.8425302,76.09821,74.97864,-0.1186936,0.01303958,0.8557763,13.29,13.02
"2014-12-10 17:37:00",117964,210.6435,1.43277,244.2433,0.064,0.033,0.118,210.8,1.514,244.7,210.5,1.358,244,76.09539,74.96837,-0.1190273,0.01237081,0.8412035,76.09539,74.96083,-0.1190273,0.01237081,0.8465847,76.08694,74.96011,-0.1196949,0.0123707,0.8585007,13.29,13.1
"2014-12-10 17:38:00",117965,210.4808,1.370008,244.1708,0.065,0.018,0.094,210.6,1.397,244.5,210.4,1.358,244,76.08694,74.96011,-0.1200292,0.01170202,0.8438474,76.08694,74.96011,-0.1200292,0.01170202,0.8383006,76.09257,74.95056,-0.1203622,0.01170188,0.8439226,13.29,13.18
"2014-12-10 17:39:00",117966,210.3447,1.420447,244.1337,0.067,0.02,0.085,210.5,1.436,244.3,210.2,1.358,244,76.08485,74.9581,-0.1206966,0.01237056,0.8346505,76.08164,74.93238,-0.120696,0.0123705,0.8372936,76.08933,74.93238,-0.1210303,0.0123705,0.8386181,13.29,13.26
"2014-12-10 17:40:00",117967,210.1975,1.428195,244.0366,0.064,0.016,0.099,210.3,1.436,244.3,210,1.397,243.9,76.09449,74.92989,-0.121698,0.0123704,0.8319904,76.10219,74.92237,-0.121698,0.01203607,0.8346395,76.08474,74.9279,-0.1220316,0.01237032,0.833311,13.29,13.33
"2014-12-10 17:41:00",117968,209.9589,1.427533,243.9364,0.069,0.019,0.078,210.1,1.475,244.1,209.8,1.397,243.7,76.09244,74.92039,-0.1223659,0.01203599,0.8319865,76.0846,74.92028,-0.1230334,0.01237021,0.8280098,76.09232,74.92028,-0.1230334,0.01237021,0.8187379,13.28,13.41
"2014-12-10 17:42:00",117969,209.7878,1.433986,243.9091,0.079,0.008,0.124,210,1.436,244.2,209.7,1.397,243.7,76.09232,74.92779,-0.1233678,0.01237021,0.8240361,76.09838,74.92619,-0.1237012,0.01237012,0.8240337,76.1061,74.91869,-0.1237012,0.01237012,0.8280073,13.28,13.48
"2014-12-10 17:43:00",117970,209.6126,1.386116,243.8807,0.076,0.028,0.099,209.8,1.436,244.2,209.5,1.358,243.7,76.11098,74.92347,-0.1240353,0.01203577,0.8280019,76.11871,74.92347,-0.1247039,0.01170144,0.8227038,76.13034,74.91982,-0.1250381,0.01170143,0.8372693,13.28,13.56
"2014-12-10 17:44:00",117971,209.5032,1.297498,243.8884,0.048,0.035,0.104,209.6,1.358,244.2,209.4,1.242,243.7,76.13034,74.92732,-0.1250381,0.0113671,0.8319712,76.13655,74.91833,-0.1250374,0.01103271,0.8253417,76.15199,74.93337,-0.1250374,0.01069839,0.8279908,13.28,13.63
"2014-12-10 17:45:00",117972,209.4759,1.170717,243.8044,0.063,0.046,0.116,209.6,1.281,244.1,209.4,1.125,243.6,76.14153,74.93073,-0.1257056,0.01036402,0.8252534,76.14925,74.93073,-0.1250369,0.009695374,0.8226872,76.15695,74.93824,-0.1257056,0.009695374,0.8207004,13.28,13.7
"2014-12-10 17:46:00",117973,209.5012,1.094388,243.8333,0.06,0.024,0.1,209.6,1.125,244.1,209.4,1.048,243.6,76.17019,74.9361,-0.1257051,0.009361019,0.8253318,76.16248,74.9361,-0.1250365,0.009361019,0.8226828,76.19161,74.93442,-0.1257048,0.009026672,0.8200303,13.28,13.77
"2014-12-10 17:47:00",117974,209.685,1.041345,243.8598,0.086,0.016,0.118,209.8,1.087,244.1,209.5,1.009,243.6,76.18391,74.93442,-0.1247018,0.009026672,0.8307091,76.17323,74.9466,-0.1243667,0.009026615,0.829299,76.18097,74.93156,-0.124701,0.009026615,0.8173785,13.28,13.84
"2014-12-10 17:48:00",117975,209.8837,1.028397,243.9576,0.087,0.021,0.114,210.1,1.087,244.4,209.7,1.009,243.6,76.20023,74.94283,-0.1243655,0.008692216,0.8332668,76.20797,74.95037,-0.1240312,0.008692216,0.8280516,76.22183,74.95637,-0.1236955,0.009026427,0.8398811,13.28,13.91
"2014-12-10 17:49:00",117976,210.1485,1.00251,244.0486,0.072,0.024,0.099,210.3,1.048,244.4,210,0.931,243.9,76.22958,74.95637,-0.1236955,0.008692115,0.8319343,76.22958,74.96388,-0.1230268,0.008692115,0.8345832,76.22678,74.95367,-0.1230257,0.008357725,0.8280407,13.27,13.97
"2014-12-10 17:50:00",117977,210.2279,0.8809079,244.0751,0.059,0.043,0.11,210.3,0.97,244.4,210.1,0.815,243.8,76.21133,74.96873,-0.1223571,0.008023417,0.8387192,76.21687,74.97409,-0.1223567,0.007354774,0.8334154,76.23229,74.97409,-0.1223567,0.007354774,0.8465772,13.27,14.04
"2014-12-10 17:51:00",117978,210.1996,0.8867248,244.0919,0.052,0.042,0.11,210.3,0.97,244.5,210.1,0.815,243.9,76.23823,74.98739,-0.1226907,0.007354754,0.8320036,76.23823,74.98739,-0.1226907,0.008023368,0.8332453,76.25225,74.98602,-0.1230242,0.008357624,0.8398638,13.27,14.1
"2014-12-10 17:52:00",117979,210.128,1.018013,244.0556,0.047,0.032,0.121,210.2,1.087,244.5,210,0.97,243.8,76.25999,74.99353,-0.1230242,0.008691928,0.836056,76.24338,74.99995,-0.1230241,0.008691921,0.8359666,76.25883,74.99995,-0.1230241,0.009026226,0.8358839,13.27,14.17
"2014-12-10 17:53:00",117980,210.1198,1.10726,244.0486,0.047,0.032,0.084,210.2,1.164,244.2,210,1.048,243.9,76.25883,75.01501,-0.1230241,0.009360529,0.8307517,76.25638,75.01263,-0.1226887,0.009694747,0.8332299,76.27184,75.02769,-0.123023,0.01002905,0.8386931,13.27,14.23
"2014-12-10 17:54:00",117981,210.1161,1.166107,244.0545,0.052,0.013,0.111,210.2,1.203,244.2,210,1.125,243.8,76.27608,75.03185,-0.1226883,0.01002902,0.8386855,76.28381,75.02431,-0.1230226,0.01002902,0.8319806,76.29652,75.02916,-0.1230218,0.01002895,0.8359513,13.27,14.29
"2014-12-10 17:55:00",117982,210.2545,1.194555,244.0976,0.08,0.019,0.077,210.4,1.242,244.3,210.1,1.164,243.9,76.30424,75.03668,-0.1226875,0.01036325,0.8318953,76.30974,75.04955,-0.1223526,0.0103632,0.8373529,76.3252,75.04955,-0.1223526,0.0103632,0.8313931,13.26,14.35
"2014-12-10 17:56:00",117983,210.5033,1.20684,244.1489,0.075,0.014,0.116,210.6,1.242,244.4,210.3,1.164,243.9,76.33114,75.04781,-0.121684,0.0103632,0.8306437,76.32341,75.05534,-0.1210154,0.0103632,0.8386728,76.32341,75.07043,-0.1210154,0.0103632,0.8386728,13.27,14.41
"2014-12-10 17:57:00",117984,210.6398,1.125984,244.2012,0.071,0.05,0.116,210.8,1.203,244.5,210.5,1.009,243.9,76.30344,75.06609,-0.1206801,0.01002882,0.8372621,76.31118,75.08115,-0.1203458,0.009694522,0.8438013,76.31686,75.07917,-0.1200102,0.008691546,0.8451228,13.26,14.47
"2014-12-10 17:58:00",117985,210.7196,0.9422982,244.2467,0.055,0.057,0.086,210.8,1.048,244.5,210.6,0.854,244.1,76.32462,75.07917,-0.1203445,0.008691546,0.8412324,76.33845,75.08514,-0.1200096,0.00768864,0.839823,76.34621,75.08514,-0.1200096,0.00768864,0.8479348,13.26,14.53
"2014-12-10 17:59:00",117986,210.7782,0.8110059,244.303,0.036,0.033,0.106,210.8,0.892,244.7,210.7,0.776,244.1,76.35264,75.09893,-0.1200092,0.007020037,0.8424665,76.35264,75.09893,-0.1200092,0.00668575,0.8451152,76.3578,75.10397,-0.1200088,0.00668573,0.8412206,13.26,14.58
