"TOA5","GND_CR3000","CR3000","8096","CR3000.Std.25","CPU:NSAC1_GND_140919.CR3","11856","Table213"
"TIMESTAMP","RECORD","PIR_Wm2_Avg","US_Wm2_Avg","IRT_K_Avg","PIR_Wm2_Std","US_Wm2_Std","IRT_K_Std","PIR_Wm2_Max","US_Wm2_Max","IRT_K_Max","PIR_Wm2_Min","US_Wm2_Min","IRT_K_Min","SAMP20(1)","SAMP20(2)","SAMP20(3)","SAMP20(4)","SAMP20(5)","SAMP40(1)","SAMP40(2)","SAMP40(3)","SAMP40(4)","SAMP40(5)","Dome_R_O","Case_R_O","Net_mV","US_mV","IRT_V","Batt_V_Min","CR3Temp_C_Avg"
"TS","RN","","","","","","","","","","","","","","","","","","","","","","","","","","","","",""
"","","Avg","Avg","Avg","Std","Std","Std","Max","Max","Max","Min","Min","Min","Smp","Smp","Smp","Smp","Smp","Smp","Smp","Smp","Smp","Smp","Smp","Smp","Smp","Smp","Smp","Min","Avg"
"2014-10-06 08:00:00",23787,292.9121,-3.14144,266.6618,0.351,0.035,0.113,293.5,-3.066,266.9,292.5,-3.221,266.4,31.08895,30.77514,-0.09026579,-0.02674542,1.737682,31.11549,30.76694,-0.09026427,-0.02674497,1.73632,31.11114,30.76263,-0.0885927,-0.0277479,1.741534,13.36,11.65
"2014-10-06 08:01:00",23788,293.9074,-3.255188,266.9289,0.308,0.038,0.111,294.5,-3.182,267.2,293.4,-3.337,266.8,31.07704,30.75264,-0.0859167,-0.02808172,1.745552,31.06833,30.74404,-0.0859167,-0.02808172,1.746876,31.08362,30.73336,-0.08491187,-0.02874969,1.758757,13.36,11.86
"2014-10-06 08:02:00",23789,294.3535,-3.393497,267.0831,0.173,0.031,0.098,294.7,-3.337,267.3,294,-3.454,266.9,31.04881,30.72048,-0.08390898,-0.02908399,1.757516,31.02755,30.70808,-0.08457571,-0.02941764,1.748126,31.02103,30.6995,-0.08524428,-0.02908334,1.752182,13.35,12.05
"2014-10-06 08:03:00",23790,294.1312,-3.324202,267.0156,0.141,0.043,0.084,294.4,-3.221,267.4,293.9,-3.376,266.8,31.01717,30.69141,-0.08524241,-0.02908271,1.7548,30.99331,30.68284,-0.0855767,-0.02841414,1.745531,30.98897,30.67641,-0.0855767,-0.02807985,1.750828,13.35,12.22
"2014-10-06 08:04:00",23791,294.2468,-3.223224,267.0061,0.215,0.026,0.103,294.6,-3.182,267.3,293.9,-3.298,266.8,30.99379,30.66833,-0.08590947,-0.02774508,1.753535,31.00464,30.66405,-0.08590947,-0.02774508,1.765452,30.97944,30.65203,-0.08490545,-0.02841324,1.748129,13.34,12.37
"2014-10-06 08:05:00",23792,294.6771,-3.296896,267.1075,0.164,0.032,0.098,294.9,-3.221,267.3,294.4,-3.376,266.8,30.97077,30.64347,-0.08457118,-0.02841324,1.75475,30.9802,30.63138,-0.08490451,-0.02841293,1.744536,30.97153,30.62284,-0.08490451,-0.0287472,1.757445,13.34,12.49
"2014-10-06 08:06:00",23793,294.7249,-3.457232,267.1376,0.077,0.058,0.067,294.9,-3.337,267.4,294.6,-3.531,267,30.96823,30.61104,-0.08557227,-0.02974974,1.761389,30.9509,30.6025,-0.08590654,-0.030084,1.761389,30.91938,30.59275,-0.08490242,-0.03008354,1.753422,13.34,12.6
"2014-10-06 08:07:00",23794,294.3678,-3.485616,267.0622,0.081,0.029,0.077,294.6,-3.453,267.2,294.2,-3.531,266.8,30.90209,30.58208,-0.08623947,-0.03008354,1.752098,30.93885,30.57355,-0.08824504,-0.02974927,1.752098,30.91408,30.56405,-0.08790969,-0.02974891,1.745625,13.34,12.68
"2014-10-06 08:08:00",23795,294.6482,-3.58192,267.0439,0.185,0.09,0.081,294.9,-3.453,267.2,294.3,-3.764,266.9,30.93355,30.55339,-0.08790969,-0.03041742,1.75208,30.94575,30.54197,-0.08891158,-0.03108563,1.753382,30.93709,30.53132,-0.08958009,-0.03242264,1.752058,13.34,12.75
"2014-10-06 08:09:00",23796,294.5374,-3.856064,267.0083,0.223,0.049,0.088,294.8,-3.764,267.3,294.1,-3.919,266.8,30.92964,30.51547,-0.09024787,-0.03309089,1.750724,30.88425,30.50271,-0.08991362,-0.03342514,1.75602,30.86189,30.49132,-0.09091579,-0.03375917,1.75468,13.34,12.79
"2014-10-06 08:10:00",23797,294.3701,-3.985363,266.9922,0.161,0.075,0.079,294.6,-3.88,267.2,294,-4.113,266.9,30.88997,30.4807,-0.09225278,-0.03375917,1.74806,30.90017,30.47585,-0.09258657,-0.0344275,1.755985,30.86345,30.46523,-0.09124958,-0.03543024,1.750606,13.34,12.83
"2014-10-06 08:11:00",23798,293.9828,-4.060352,266.883,0.204,0.063,0.071,294.5,-3.919,267,293.7,-4.152,266.7,30.80956,30.45461,-0.09058108,-0.03543024,1.748041,30.79615,30.44563,-0.09191771,-0.0347616,1.748032,30.77464,30.43715,-0.09124921,-0.03375887,1.742737,13.34,12.85
"2014-10-06 08:12:00",23799,293.4459,-3.742826,266.8477,0.147,0.129,0.086,293.7,-3.531,267.1,293.1,-3.919,266.7,30.76136,30.43253,-0.0919174,-0.03309026,1.746702,30.73559,30.42405,-0.0919174,-0.03175328,1.749432,30.76535,30.42162,-0.09291989,-0.03041622,1.741401,13.34,12.86
"2014-10-06 08:13:00",23800,294.0115,-3.460873,266.8762,0.19,0.036,0.078,294.2,-3.414,267.1,293.5,-3.531,266.7,30.80837,30.41526,-0.09325413,-0.02941349,1.746696,30.82967,30.41077,-0.09459092,-0.02974767,1.749836,30.79521,30.40018,-0.0929197,-0.03041616,1.750664,13.34,12.86
"2014-10-06 08:14:00",23801,294.4204,-3.610241,266.9827,0.159,0.066,0.091,294.7,-3.531,267.3,294.2,-3.725,266.8,30.82085,30.39575,-0.09392226,-0.03075035,1.746681,30.82516,30.38727,-0.09358802,-0.03141884,1.751977,30.82516,30.38304,-0.09459075,-0.03208732,1.749329,13.34,12.85
"2014-10-06 08:15:00",23802,294.9902,-3.908338,267.1045,0.197,0.1,0.124,295.2,-3.725,267.5,294.5,-4.074,266.8,30.8595,30.37442,-0.09459062,-0.03309001,1.755955,30.83362,30.36807,-0.09325365,-0.03442698,1.750659,30.77752,30.35948,-0.09191658,-0.03476118,1.754553,13.34,12.83
"2014-10-06 08:16:00",23803,294.8359,-4.02667,267.1178,0.09,0.038,0.082,295.1,-3.957,267.4,294.7,-4.074,266.9,30.75602,30.3489,-0.09191658,-0.03509542,1.753312,30.74732,30.34457,-0.09158226,-0.03442691,1.754715,30.78171,30.34035,-0.09258499,-0.03442691,1.761169,13.34,12.8
"2014-10-06 08:17:00",23804,295.4592,-4.111377,267.273,0.183,0.094,0.092,295.7,-3.996,267.5,295,-4.268,267.1,30.79454,30.3297,-0.09258492,-0.03509537,1.76258,30.79669,30.32336,-0.09225068,-0.03576385,1.765228,30.78189,30.31517,-0.09258527,-0.03676671,1.761343,13.35,12.77
"2014-10-06 08:18:00",23805,295.2331,-4.370701,267.2254,0.232,0.037,0.116,295.6,-4.268,267.6,294.8,-4.423,267,30.769,30.30883,-0.09258527,-0.03776944,1.759936,30.73891,30.30039,-0.09325375,-0.03810368,1.761177,30.72194,30.29427,-0.09325402,-0.03776955,1.757284,13.35,12.73
"2014-10-06 08:19:00",23806,294.8377,-4.33321,267.1324,0.186,0.036,0.092,295.3,-4.268,267.4,294.5,-4.384,266.9,30.71337,30.29005,-0.09425676,-0.03743531,1.757201,30.74573,30.28599,-0.09492546,-0.03710115,1.753316,30.76077,30.28178,-0.09459122,-0.03743539,1.757288,13.35,12.69
"2014-10-06 08:20:00",23807,294.8471,-4.362319,267.0782,0.257,0.03,0.092,295.3,-4.307,267.4,294.4,-4.384,266.9,30.71827,30.27589,-0.09392291,-0.03776971,1.753243,30.73545,30.27167,-0.09592838,-0.03776971,1.755643,30.7312,30.26539,-0.09759935,-0.03710112,1.750604,13.35,12.64
"2014-10-06 08:21:00",23808,294.3645,-4.207771,266.9676,0.082,0.061,0.069,294.5,-4.113,267.1,294.2,-4.307,266.8,30.73549,30.26118,-0.09826784,-0.03643263,1.750604,30.71009,30.25731,-0.09726571,-0.03576437,1.750686,30.77237,30.25521,-0.09993968,-0.03576437,1.746631,13.36,12.59
"2014-10-06 08:22:00",23809,294.972,-4.13019,267.1041,0.127,0.035,0.097,295.2,-4.035,267.4,294.6,-4.152,266.9,30.76592,30.2531,-0.0979342,-0.03576437,1.754575,30.67791,30.25097,-0.09325482,-0.03576439,1.754574,30.63724,30.24465,-0.09158359,-0.0350959,1.759953,13.36,12.53
"2014-10-06 08:23:00",23810,295.5149,-3.857337,267.2972,0.369,0.085,0.115,296.2,-3.725,267.6,295,-3.996,267.1,30.63539,30.24283,-0.09058167,-0.03375922,1.756402,30.65465,30.24072,-0.09024742,-0.03275647,1.766497,30.66409,30.24159,-0.08891068,-0.03242232,1.769233,13.36,12.47
"2014-10-06 08:24:00",23811,296.1662,-3.725434,267.4541,0.178,0.034,0.065,296.6,-3.647,267.6,295.9,-3.764,267.3,30.63841,30.23527,-0.08824218,-0.03242232,1.765096,30.65409,30.23385,-0.08857664,-0.03208815,1.769155,30.69265,30.23385,-0.08924515,-0.03208815,1.774368,13.36,12.41
"2014-10-06 08:25:00",23812,296.9961,-3.86383,267.6371,0.176,0.093,0.108,297.3,-3.725,267.9,296.6,-4.074,267.3,30.71465,30.2344,-0.08891107,-0.03275671,1.778343,30.72968,30.2302,-0.08924532,-0.03342521,1.779667,30.74041,30.2302,-0.08924532,-0.03509647,1.778343,13.36,12.34
"2014-10-06 08:26:00",23813,297.2166,-4.193656,267.7085,0.078,0.072,0.078,297.4,-4.074,268,297,-4.307,267.5,30.72122,30.22611,-0.08824307,-0.03609944,1.778361,30.71264,30.22401,-0.08857732,-0.03643369,1.782333,30.69163,30.22442,-0.08757459,-0.03676796,1.786319,13.37,12.27
"2014-10-06 08:27:00",23814,296.9147,-4.213714,267.6676,0.088,0.044,0.075,297.1,-4.152,267.9,296.7,-4.307,267.5,30.65949,30.22442,-0.08657183,-0.0364337,1.777051,30.68339,30.22686,-0.08757499,-0.03576536,1.774414,30.67268,30.22897,-0.08757499,-0.03576536,1.777062,13.37,12.2
"2014-10-06 08:28:00",23815,296.2758,-4.088942,267.5708,0.373,0.068,0.095,296.8,-3.919,267.8,295.5,-4.152,267.4,30.67295,30.23134,-0.08824419,-0.03576564,1.775747,30.63657,30.23555,-0.08790994,-0.03509712,1.773099,30.62001,30.23608,-0.08924715,-0.03376016,1.766486,13.37,12.13
"2014-10-06 08:29:00",23816,295.1115,-3.74881,267.2786,0.273,0.111,0.087,295.5,-3.57,267.6,294.5,-3.919,267.1,30.61573,30.24029,-0.08991567,-0.03309164,1.766486,30.61788,30.2424,-0.09058419,-0.03142035,1.757218,30.66966,30.24703,-0.0949301,-0.03108627,1.761203,13.37,12.06
"2014-10-06 08:30:00",23817,294.3298,-3.715854,267.0221,0.219,0.118,0.131,294.7,-3.57,267.3,294,-3.919,266.7,30.71467,30.25125,-0.09760419,-0.03142053,1.759879,30.74936,30.25369,-0.09994449,-0.03275773,1.750614,30.77946,30.25791,-0.1019501,-0.03376051,1.746642,13.37,11.99
"2014-10-06 08:31:00",23818,293.2843,-4.230656,266.6451,0.512,0.133,0.162,294.1,-3.958,267,292.3,-4.385,266.4,30.76286,30.25638,-0.1026194,-0.03610063,1.740031,30.75426,30.25638,-0.1049592,-0.03710343,1.732087,30.70751,30.25263,-0.1052942,-0.03777219,1.733411,13.38,11.92
"2014-10-06 08:32:00",23819,291.1829,-4.249445,266.1688,0.514,0.114,0.168,292.2,-4.035,266.5,290.3,-4.385,265.9,30.66251,30.25263,-0.1066312,-0.03743793,1.720088,30.6629,30.25301,-0.1093059,-0.03610104,1.712234,30.66075,30.25301,-0.1109773,-0.03509824,1.71091,13.38,11.84
"2014-10-06 08:33:00",23820,289.8409,-3.865987,265.7761,0.255,0.092,0.087,290.3,-3.725,266,289.4,-4.074,265.6,30.67788,30.25512,-0.1129829,-0.03376116,1.700235,30.69566,30.25995,-0.1146552,-0.03275862,1.702896,30.71925,30.26205,-0.1166608,-0.03209008,1.701572,13.38,11.77
"2014-10-06 08:34:00",23821,289.4145,-3.627393,265.7301,0.087,0.041,0.091,289.6,-3.57,266.1,289.2,-3.725,265.5,30.73693,30.26887,-0.1169958,-0.03142174,1.7015,30.74767,30.27941,-0.1173301,-0.03108747,1.701583,30.72875,30.28614,-0.1166627,-0.03075348,1.694888,13.38,11.69
"2014-10-06 08:35:00",23822,288.8597,-3.424365,265.5446,0.086,0.081,0.109,289.1,-3.259,265.8,288.7,-3.57,265.3,30.72661,30.29247,-0.1173312,-0.03008493,1.695053,30.72693,30.30334,-0.1169978,-0.02908232,1.695067,30.71834,30.30967,-0.1156607,-0.02807948,1.692253,13.38,11.62
"2014-10-06 08:36:00",23823,289.1053,-3.130136,265.6622,0.082,0.106,0.082,289.3,-2.949,265.9,288.9,-3.298,265.5,30.71249,30.31869,-0.11399,-0.02741109,1.696402,30.70391,30.32291,-0.1129872,-0.02674252,1.702774,30.68676,30.33137,-0.1123186,-0.0254054,1.704264,13.39,11.54
"2014-10-06 08:37:00",23824,289.2084,-2.72012,265.7552,0.289,0.115,0.105,289.8,-2.561,266,288.8,-2.949,265.6,30.68112,30.33848,-0.1123187,-0.02406829,1.706921,30.70041,30.34694,-0.1106473,-0.02306544,1.706921,30.72711,30.35634,-0.1096445,-0.02206261,1.708176,13.39,11.46
"2014-10-06 08:38:00",23825,290.5327,-2.556512,266.0171,0.461,0.037,0.096,291.3,-2.483,266.2,289.8,-2.639,265.8,30.76793,30.3648,-0.1093102,-0.02172833,1.709583,30.79634,30.37158,-0.1086426,-0.0220628,1.711491,30.81357,30.38005,-0.1073054,-0.02273137,1.717532,13.39,11.39
"2014-10-06 08:39:00",23826,291.22,-2.765424,266.1984,0.08,0.06,0.086,291.4,-2.639,266.4,291,-2.872,266,30.81178,30.38887,-0.1059686,-0.0234,1.722756,30.79455,30.39523,-0.1046314,-0.02406858,1.71746,30.77795,30.4043,-0.1032954,-0.02473741,1.720206,13.39,11.31
"2014-10-06 08:40:00",23827,291.3676,-2.867642,266.1873,0.197,0.023,0.093,291.7,-2.794,266.4,291.1,-2.949,265.9,30.7715,30.41278,-0.1029611,-0.02473741,1.714827,30.81239,30.41702,-0.1032954,-0.02473741,1.718799,30.8409,30.42598,-0.1032959,-0.0254061,1.726756,13.39,11.24
"2014-10-06 08:41:00",23828,291.8663,-2.961442,266.3771,0.095,0.028,0.09,292,-2.872,266.6,291.7,-3.027,266.1,30.83227,30.43023,-0.1019587,-0.02574039,1.732053,30.81327,30.43698,-0.1006223,-0.02574059,1.728256,30.79819,30.44122,-0.100288,-0.02540629,1.724118,13.39,11.16
"2014-10-06 08:42:00",23829,291.701,-2.846347,266.3747,0.102,0.065,0.082,292,-2.716,266.7,291.4,-2.949,266.2,30.79421,30.4479,-0.09995432,-0.02473786,1.728099,30.78775,30.45427,-0.09895144,-0.02406927,1.728099,30.79478,30.45909,-0.09794903,-0.02340079,1.728105,13.4,11.09
"2014-10-06 08:43:00",23830,292.6814,-2.748706,266.6603,0.304,0.034,0.16,293,-2.716,267.2,291.8,-2.794,266.3,30.83356,30.46333,-0.09627754,-0.02373509,1.740022,30.84048,30.47016,-0.09594363,-0.02373518,1.742676,30.8448,30.47228,-0.09627792,-0.02406948,1.738703,13.4,11.01
"2014-10-06 08:44:00",23831,292.9119,-2.773295,266.7,0.126,0.03,0.071,293.2,-2.716,266.9,292.7,-2.794,266.6,30.83402,30.47654,-0.09527503,-0.02406948,1.741269,30.83686,30.48359,-0.09460673,-0.02373526,1.742604,30.82393,30.48785,-0.09293523,-0.02340096,1.739956,13.4,10.94
"2014-10-06 08:45:00",23832,293.4288,-2.669828,266.849,0.412,0.034,0.135,294.2,-2.639,267.2,293,-2.716,266.6,30.81587,30.4969,-0.09226686,-0.02273241,1.742621,30.86979,30.49903,-0.09260116,-0.02273241,1.751807,30.91561,30.50798,-0.09193352,-0.02306696,1.75191,13.4,10.86
"2014-10-06 08:46:00",23833,294.928,-2.827021,267.2068,0.42,0.089,0.122,295.6,-2.678,267.5,294.3,-2.988,266.9,30.91129,30.51224,-0.0895934,-0.02406987,1.770449,30.9163,30.51717,-0.08758794,-0.02473858,1.758623,30.91413,30.5193,-0.08591641,-0.02540719,1.763837,13.4,10.79
"2014-10-06 08:47:00",23834,295.951,-3.11809,267.4638,0.191,0.067,0.114,296.2,-2.988,267.8,295.5,-3.221,267.3,30.92766,30.51983,-0.08491413,-0.02674461,1.781059,30.87794,30.51983,-0.08190536,-0.02741322,1.771707,30.87578,30.51983,-0.08157106,-0.02707892,1.773031,13.4,10.72
"2014-10-06 08:48:00",23835,296.5066,-3.18863,267.6146,0.206,0.029,0.082,296.9,-3.143,267.8,296.2,-3.26,267.5,30.86758,30.52026,-0.08023464,-0.0274135,1.782314,30.9281,30.516,-0.08290912,-0.0274135,1.777017,30.95443,30.51422,-0.08290946,-0.02808223,1.784973,13.41,10.65
"2014-10-06 08:49:00",23836,297.2326,-3.399497,267.7845,0.153,0.07,0.067,297.4,-3.26,267.9,296.8,-3.493,267.6,30.9501,30.51209,-0.0815722,-0.02908517,1.782324,30.91825,30.5063,-0.07956658,-0.02975389,1.781009,30.89879,30.50418,-0.07889795,-0.0300882,1.786306,13.41,10.58
"2014-10-06 08:50:00",23837,297.6196,-3.523057,267.9157,0.119,0.02,0.088,297.8,-3.454,268.2,297.3,-3.57,267.7,30.92091,30.5004,-0.0792328,-0.03042272,1.784988,30.88848,30.49615,-0.07756121,-0.03042272,1.788961,30.86328,30.49472,-0.07655868,-0.03042288,1.787649,13.41,10.51
"2014-10-06 08:51:00",23838,297.5392,-3.333574,267.9782,0.056,0.126,0.085,297.7,-3.105,268.2,297.4,-3.531,267.8,30.84171,30.49472,-0.07589005,-0.02941993,1.787649,30.82661,30.49472,-0.07555573,-0.02808266,1.792864,30.80747,30.49496,-0.07421878,-0.02674551,1.790316,13.41,10.44
"2014-10-06 08:52:00",23839,297.7311,-2.877599,268.0575,0.155,0.112,0.095,298.1,-2.717,268.3,297.4,-3.105,267.9,30.80747,30.49496,-0.07355014,-0.02540823,1.802234,30.82124,30.50006,-0.0735504,-0.02407104,1.794303,30.88165,30.50006,-0.07555632,-0.0234024,1.795544,13.41,10.37
"2014-10-06 08:53:00",23840,298.1914,-2.84981,268.1264,0.059,0.081,0.117,298.3,-2.717,268.6,298,-2.988,268,30.89929,30.50465,-0.07555684,-0.02407121,1.790665,30.90361,30.50465,-0.07589117,-0.02507417,1.795631,30.87398,30.50951,-0.07421997,-0.02574296,1.798207,13.41,10.3
"2014-10-06 08:54:00",23841,298.2676,-2.964316,268.1281,0.091,0.021,0.089,298.5,-2.911,268.4,298.1,-2.988,267.9,30.86534,30.50951,-0.07355133,-0.02574296,1.800939,30.86367,30.51425,-0.072883,-0.02540875,1.794153,30.87447,30.51851,-0.072883,-0.02540875,1.796967,13.42,10.23
"2014-10-06 08:55:00",23842,298.7285,-3.15709,268.2589,0.238,0.177,0.094,299,-2.911,268.5,298.2,-3.493,268.1,30.987,30.51851,-0.0768949,-0.0260774,1.80483,31.02864,30.52102,-0.0782328,-0.02774924,1.806245,31.05037,30.52315,-0.07890146,-0.03008954,1.803514,13.42,10.17
"2014-10-06 08:56:00",23843,299.0402,-3.814933,268.2895,0.071,0.159,0.068,299.2,-3.493,268.5,298.8,-4.036,268.2,31.08333,30.52772,-0.08023926,-0.03176137,1.810804,31.06809,30.53411,-0.07823328,-0.03376735,1.802279,31.04224,30.54074,-0.077565,-0.03477051,1.802209,13.42,10.1
"2014-10-06 08:57:00",23844,299.006,-3.983768,268.3073,0.05,0.064,0.08,299.1,-3.842,268.6,298.9,-4.075,268.1,31.01617,30.54714,-0.07555901,-0.03477051,1.812886,31.00151,30.55405,-0.07422166,-0.03410185,1.807516,30.98198,30.56045,-0.07288434,-0.03309885,1.804868,13.42,10.04
"2014-10-06 08:58:00",23845,298.9752,-3.459196,268.3826,0.046,0.23,0.086,299.1,-3.066,268.7,298.9,-3.842,268.2,30.96539,30.57186,-0.07188133,-0.03109285,1.806117,30.96107,30.57826,-0.07087833,-0.02875253,1.810173,30.9459,30.5868,-0.06954101,-0.02641221,1.810256,13.42,9.98
"2014-10-06 08:59:00",23846,299.0265,-2.819519,268.4257,0.087,0.097,0.082,299.2,-2.717,268.7,298.8,-3.066,268.3,30.94834,30.59561,-0.06954157,-0.02440642,1.808855,31.05686,30.60415,-0.07422226,-0.02373775,1.811421,31.12492,30.60897,-0.07622877,-0.02440658,1.804812,13.42,9.91
