"TOA5","GND_CR3000","CR3000","8096","CR3000.Std.25","CPU:NSAC1_GND_140919.CR3","11856","Table213"
"TIMESTAMP","RECORD","PIR_Wm2_Avg","US_Wm2_Avg","IRT_K_Avg","PIR_Wm2_Std","US_Wm2_Std","IRT_K_Std","PIR_Wm2_Max","US_Wm2_Max","IRT_K_Max","PIR_Wm2_Min","US_Wm2_Min","IRT_K_Min","SAMP20(1)","SAMP20(2)","SAMP20(3)","SAMP20(4)","SAMP20(5)","SAMP40(1)","SAMP40(2)","SAMP40(3)","SAMP40(4)","SAMP40(5)","Dome_R_O","Case_R_O","Net_mV","US_mV","IRT_V","Batt_V_Min","CR3Temp_C_Avg"
"TS","RN","","","","","","","","","","","","","","","","","","","","","","","","","","","","",""
"","","Avg","Avg","Avg","Std","Std","Std","Max","Max","Max","Min","Min","Min","Smp","Smp","Smp","Smp","Smp","Smp","Smp","Smp","Smp","Smp","Smp","Smp","Smp","Smp","Smp","Min","Avg"
"2015-01-13 02:00:00",165987,196.8738,-1.010404,240.5833,0.051,0.044,0.119,197,-0.931,240.9,196.7,-1.087,240.3,94.6378,93.28323,-0.112009,-0.009027593,0.6889729,94.62681,93.28323,-0.112009,-0.008358882,0.6943542,94.64875,93.30466,-0.112009,-0.008358882,0.6943542,13.28,13.36
"2015-01-13 02:01:00",165988,196.9339,-0.8338119,240.555,0.053,0.046,0.138,197.1,-0.776,241,196.8,-0.97,240.4,94.6496,93.31617,-0.1116749,-0.007355834,0.6929479,94.66058,93.31617,-0.1116749,-0.007021478,0.6917061,94.66122,93.32754,-0.1113403,-0.006687108,0.6889749,13.27,13.37
"2015-01-13 02:02:00",165989,197.0211,-0.6979681,240.5374,0.045,0.038,0.105,197.1,-0.621,240.8,196.8,-0.776,240.2,94.68318,93.32754,-0.1113403,-0.006018397,0.6970883,94.68374,93.33879,-0.1113402,-0.006018387,0.6942714,94.68374,93.34953,-0.1110058,-0.005684032,0.6876482,13.28,13.37
"2015-01-13 02:03:00",165990,197.0617,-0.6313398,240.5323,0.06,0.019,0.119,197.2,-0.582,240.9,196.9,-0.66,240.3,94.70386,93.35847,-0.11134,-0.00534967,0.6956771,94.70386,93.36918,-0.11134,-0.00534967,0.6889712,94.71561,93.39142,-0.1106716,-0.005349686,0.6956757,13.28,13.37
"2015-01-13 02:04:00",165991,197.1029,-0.636516,240.5495,0.053,0.025,0.167,197.2,-0.582,241.2,196.9,-0.66,240,94.73759,93.38067,-0.1106716,-0.005349686,0.6917846,94.73759,93.39142,-0.111006,-0.005684042,0.6989872,94.74924,93.40279,-0.1106714,-0.005349677,0.6956747,13.27,13.38
"2015-01-13 02:05:00",165992,197.1304,-0.580883,240.5484,0.041,0.03,0.115,197.2,-0.543,240.9,197,-0.66,240.3,94.76026,93.41351,-0.1106714,-0.005349677,0.6929426,94.76073,93.41399,-0.1106708,-0.004680941,0.6997333,94.76073,93.44619,-0.1103365,-0.004680941,0.6902954,13.28,13.38
"2015-01-13 02:06:00",165993,197.1623,-0.5077862,240.5588,0.042,0.031,0.151,197.3,-0.427,241,197.1,-0.543,240.3,94.76113,93.44662,-0.1103364,-0.00468094,0.6956782,94.78313,93.45734,-0.1103364,-0.004346587,0.6904625,94.79218,93.45546,-0.1103364,-0.004012234,0.6903811,13.28,13.39
"2015-01-13 02:07:00",165994,197.2307,-0.461212,240.6105,0.077,0.017,0.13,197.4,-0.427,241,197.1,-0.505,240.4,94.79218,93.46622,-0.1100021,-0.004012234,0.6942722,94.7906,93.46465,-0.110002,-0.004012233,0.6904649,94.8126,93.4754,-0.1093333,-0.004012233,0.7062777,13.27,13.4
"2015-01-13 02:08:00",165995,197.3044,-0.5291338,240.6545,0.058,0.037,0.096,197.4,-0.466,240.8,197.2,-0.582,240.5,94.8126,93.4754,-0.1093333,-0.004346585,0.6984127,94.83333,93.48493,-0.1100025,-0.004680957,0.698245,94.82234,93.49566,-0.1096681,-0.005015311,0.6983278,13.28,13.4
"2015-01-13 02:09:00",165996,197.1943,-0.6222845,240.7051,0.074,0.033,0.119,197.4,-0.582,241.1,197.1,-0.66,240.5,94.83236,93.49471,-0.1100029,-0.005015328,0.7023029,94.82137,93.51622,-0.1100029,-0.005684038,0.7049522,94.86686,93.51764,-0.110337,-0.005684029,0.7010621,13.27,13.41
"2015-01-13 02:10:00",165997,197.1042,-0.6953792,240.6725,0.05,0.033,0.122,197.3,-0.66,241.1,197,-0.737,240.5,94.85582,93.52837,-0.110337,-0.006018383,0.7103345,94.87906,93.52959,-0.1106713,-0.006352731,0.6996555,94.87906,93.54033,-0.1103369,-0.006352731,0.6929495,13.28,13.41
"2015-01-13 02:11:00",165998,197.0208,-0.7594201,240.6483,0.056,0.026,0.099,197.1,-0.737,241.1,196.9,-0.815,240.5,94.91077,93.53903,-0.111006,-0.006352751,0.7048719,94.89977,93.56055,-0.111006,-0.006687106,0.6983315,94.92181,93.58208,-0.111006,-0.006687106,0.6956822,13.28,13.42
"2015-01-13 02:12:00",165999,196.9156,-0.8131097,240.6205,0.058,0.008,0.132,197.1,-0.776,241.1,196.8,-0.815,240.4,94.92302,93.57249,-0.1106714,-0.006687094,0.7022202,94.93402,93.58327,-0.1113401,-0.007021449,0.6956798,94.93502,93.59496,-0.1113404,-0.007021468,0.6970026,13.27,13.43
"2015-01-13 02:13:00",166000,196.7999,-0.8124637,240.5672,0.056,0.01,0.107,196.9,-0.776,240.8,196.7,-0.815,240.4,94.94604,93.60575,-0.1113404,-0.007021468,0.7049503,94.9335,93.61501,-0.1110059,-0.007021455,0.6944318,94.96656,93.61501,-0.1113402,-0.007021455,0.694349,13.27,13.44
"2015-01-13 02:14:00",166001,196.7556,-0.7943525,240.5236,0.065,0.021,0.097,196.9,-0.737,240.8,196.6,-0.815,240.3,94.91898,93.63317,-0.1106718,-0.006687117,0.6954275,94.95209,93.63317,-0.1113405,-0.006687117,0.6916192,94.97363,93.6327,-0.1113407,-0.006687131,0.6904562,13.27,13.45
"2015-01-13 02:15:00",166002,196.6731,-0.7749478,240.4745,0.07,0.021,0.138,196.8,-0.737,240.9,196.5,-0.815,240.2,94.96261,93.64349,-0.1113407,-0.006687131,0.6956719,94.97363,93.64349,-0.1116751,-0.006352775,0.6890488,94.97322,93.65386,-0.1116748,-0.006687115,0.6850746,13.27,13.45
"2015-01-13 02:16:00",166003,196.5704,-0.7943516,240.4725,0.065,0.021,0.143,196.7,-0.737,240.8,196.5,-0.815,240.2,94.98424,93.66463,-0.1120092,-0.006687115,0.7035365,94.97516,93.66652,-0.1116746,-0.007021457,0.6916974,94.97516,93.67732,-0.112009,-0.007021457,0.6836669,13.27,13.46
"2015-01-13 02:17:00",166004,196.4547,-0.8519238,240.3591,0.071,0.042,0.091,196.6,-0.815,240.6,196.3,-0.931,240.2,94.97443,93.67662,-0.1120093,-0.007021476,0.6883058,94.98544,93.66581,-0.1120093,-0.007690188,0.6913689,95.02904,93.67606,-0.1126777,-0.008024527,0.686321,13.27,13.47
"2015-01-13 02:18:00",166005,196.2851,-0.9631827,240.3,0.068,0.035,0.1,196.4,-0.893,240.7,196.1,-1.048,240.1,95.01801,93.67606,-0.1133464,-0.008358882,0.6797806,95.01753,93.69717,-0.1133462,-0.008358868,0.6811041,95.03962,93.68639,-0.1136806,-0.009027577,0.6825115,13.27,13.48
"2015-01-13 02:19:00",166006,196.1505,-1.06862,240.2827,0.048,0.033,0.125,196.3,-1.009,240.6,196,-1.126,239.9,95.06171,93.69717,-0.114015,-0.009027577,0.6836706,95.09449,93.69681,-0.1140148,-0.009361919,0.6830046,95.08341,93.69681,-0.1143491,-0.009696273,0.6854882,13.27,13.49
"2015-01-13 02:20:00",166007,196.0946,-1.143651,240.2301,0.052,0.026,0.093,196.2,-1.087,240.5,196,-1.203,240,95.09416,93.6965,-0.1146829,-0.009696222,0.6904553,95.11628,93.70731,-0.1146829,-0.01003058,0.675719,95.14921,93.70706,-0.1146834,-0.01003062,0.677209,13.27,13.5
"2015-01-13 02:21:00",166008,196.0898,-1.207691,240.2218,0.048,0.014,0.119,196.2,-1.164,240.7,195.9,-1.242,240,95.14921,93.72865,-0.1146834,-0.01036497,0.6771263,95.14905,93.72845,-0.1150172,-0.01036492,0.6810971,95.18224,93.73927,-0.1146828,-0.01036492,0.6810971,13.27,13.51
"2015-01-13 02:22:00",166009,196.1165,-1.237443,240.2817,0.037,0.017,0.111,196.2,-1.203,240.5,196,-1.281,239.9,95.19549,93.75215,-0.1146828,-0.01069927,0.6916118,95.20654,93.76292,-0.1146828,-0.01069927,0.6814288,95.2176,93.76292,-0.1143485,-0.01069927,0.6836641,13.27,13.52
"2015-01-13 02:23:00",166010,196.2213,-1.251675,240.3328,0.065,0.017,0.142,196.3,-1.242,240.8,196.1,-1.281,240.1,95.21708,93.77319,-0.1140141,-0.01069927,0.6969962,95.23924,93.79481,-0.1140141,-0.01103363,0.6863165,95.21432,93.80291,-0.1133455,-0.01069928,0.683667,13.27,13.53
"2015-01-13 02:24:00",166011,196.3932,-1.236147,240.3783,0.057,0.016,0.09,196.6,-1.203,240.6,196.3,-1.281,240.2,95.21432,93.80291,-0.1133455,-0.01069928,0.6943467,95.23653,93.80299,-0.1126763,-0.01036488,0.6882173,95.21436,93.81378,-0.1126763,-0.01069923,0.6884657,13.27,13.54
"2015-01-13 02:25:00",166012,196.5185,-1.189572,240.4334,0.057,0.025,0.087,196.7,-1.126,240.7,196.4,-1.242,240.3,95.20107,93.81165,-0.1120077,-0.01036489,0.6877211,95.20107,93.83327,-0.1120077,-0.01003054,0.6890457,95.18823,93.83153,-0.111339,-0.01003055,0.6930198,13.27,13.55
"2015-01-13 02:26:00",166013,196.5715,-1.154643,240.439,0.056,0.022,0.143,196.7,-1.126,240.9,196.4,-1.203,240.2,95.18823,93.84237,-0.1116734,-0.009696193,0.7076733,95.17718,93.84237,-0.1116734,-0.01003055,0.6904534,95.16471,93.85179,-0.1113391,-0.01003055,0.6904536,13.27,13.56
"2015-01-13 02:27:00",166014,196.6379,-1.144294,240.4992,0.062,0.019,0.095,196.8,-1.126,240.8,196.5,-1.164,240.4,95.15363,93.84099,-0.1106704,-0.009696199,0.7010505,95.14371,93.84213,-0.1106705,-0.01003056,0.6863972,95.13267,93.83129,-0.1106705,-0.009696203,0.6904538,13.27,13.57
"2015-01-13 02:28:00",166015,196.5996,-1.189575,240.4846,0.057,0.025,0.135,196.7,-1.126,241,196.5,-1.242,240.1,95.13132,93.82999,-0.1106705,-0.01003056,0.7062636,95.12025,93.82999,-0.1110049,-0.01036491,0.6916929,95.14129,93.82893,-0.1113392,-0.01069927,0.6837431,13.27,13.58
"2015-01-13 02:29:00",166016,196.531,-1.267198,240.4699,0.044,0.039,0.12,196.6,-1.203,240.8,196.4,-1.358,240.2,95.16342,93.81813,-0.1120079,-0.01069927,0.684985,95.16483,93.81947,-0.112008,-0.01103362,0.6889571,95.14269,93.80868,-0.1116736,-0.01136797,0.6890399,13.27,13.59
"2015-01-13 02:30:00",166017,196.4981,-1.387515,240.4271,0.054,0.033,0.093,196.6,-1.32,240.7,196.4,-1.436,240.3,95.12057,93.80868,-0.1116736,-0.01170233,0.6959112,95.11292,93.80121,-0.1116736,-0.01203668,0.6890385,95.11292,93.80121,-0.1116736,-0.01237103,0.6876311,13.27,13.6
"2015-01-13 02:31:00",166018,196.4209,-1.453489,240.4041,0.056,0.026,0.112,196.6,-1.436,240.7,196.3,-1.514,240.2,95.10003,93.7886,-0.1120075,-0.01237098,0.683659,95.06689,93.77782,-0.1116732,-0.01270533,0.6837418,95.0898,93.77857,-0.112342,-0.01270535,0.6863896,13.27,13.61
"2015-01-13 02:32:00",166019,196.4041,-1.508471,240.4083,0.057,0.013,0.098,196.6,-1.475,240.8,196.3,-1.514,240.2,95.05662,93.75696,-0.1120077,-0.0130397,0.6849822,95.04624,93.74685,-0.1120073,-0.01303965,0.6890376,95.0573,93.73604,-0.1120073,-0.01303965,0.6863884,13.27,13.62
"2015-01-13 02:33:00",166020,196.4312,-1.531109,240.4107,0.069,0.019,0.155,196.6,-1.514,241,196.3,-1.552,240.2,95.01136,93.71275,-0.1120074,-0.01337402,0.6849801,95.04451,93.70193,-0.1126761,-0.01303967,0.6851457,95.00034,93.70193,-0.1120074,-0.01337402,0.6891195,13.27,13.63
"2015-01-13 02:34:00",166021,196.5177,-1.540815,240.4465,0.065,0.019,0.148,196.7,-1.514,241,196.4,-1.591,240.1,94.9681,93.692,-0.1113389,-0.01303969,0.6904433,94.9681,93.67043,-0.1120076,-0.01303969,0.6917679,94.92241,93.64732,-0.1110046,-0.01337405,0.6877108,13.27,13.64
"2015-01-13 02:35:00",166022,196.6474,-1.509767,240.4686,0.062,0.018,0.104,196.8,-1.475,240.8,196.5,-1.552,240.2,94.92241,93.63657,-0.111339,-0.0130397,0.6913534,94.89909,93.63531,-0.1110047,-0.01303971,0.694416,94.84404,93.6245,-0.1106703,-0.01303971,0.6956578,13.27,13.64
"2015-01-13 02:36:00",166023,196.7317,-1.476132,240.511,0.064,0.023,0.169,196.9,-1.436,241.2,196.6,-1.514,240.2,94.86734,93.59346,-0.1110048,-0.01237101,0.6916837,94.85632,93.58268,-0.1106704,-0.01270536,0.6891173,94.82201,93.57067,-0.11067,-0.01270532,0.7010382,13.27,13.65
"2015-01-13 02:37:00",166024,196.7322,-1.504589,240.4747,0.057,0.016,0.1,196.9,-1.475,240.8,196.6,-1.514,240.3,94.82201,93.5384,-0.1110044,-0.01270532,0.6916006,94.80002,93.5384,-0.1113387,-0.01303967,0.6930079,94.79033,93.52888,-0.1110045,-0.01303968,0.6930106,13.27,13.66
"2015-01-13 02:38:00",166025,196.6036,-1.565392,240.4301,0.067,0.04,0.169,196.8,-1.514,241,196.5,-1.63,240.1,94.75732,93.49664,-0.1116732,-0.01303968,0.6863876,94.76704,93.48465,-0.1120072,-0.01337399,0.6944172,94.74506,93.47392,-0.1120072,-0.01370834,0.6798467,13.27,13.67
"2015-01-13 02:39:00",166026,196.4045,-1.653359,240.3319,0.08,0.021,0.111,196.6,-1.591,240.7,196.2,-1.669,240.1,94.74406,93.45141,-0.1126756,-0.014377,0.6837342,94.72208,93.42993,-0.1126756,-0.014377,0.6824924,94.70157,93.42062,-0.1130102,-0.01437703,0.6837343,13.27,13.68
"2015-01-13 02:40:00",166027,196.1584,-1.687643,240.1867,0.097,0.024,0.088,196.3,-1.669,240.4,196,-1.747,240,94.70157,93.39915,-0.1136789,-0.01437703,0.6767802,94.67852,93.39809,-0.1143473,-0.01471135,0.6798434,94.70048,93.37663,-0.1146816,-0.0150457,0.6810852,13.27,13.69
"2015-01-13 02:41:00",166028,195.9468,-1.73874,240.1202,0.08,0.021,0.113,196.1,-1.708,240.4,195.7,-1.785,239.8,94.67852,93.36591,-0.115016,-0.0150457,0.6785188,94.68863,93.35435,-0.1156845,-0.01504567,0.6771087,94.67768,93.33292,-0.1160188,-0.01504567,0.6639457,13.27,13.69
"2015-01-13 02:42:00",166029,195.7766,-1.773666,240.0405,0.077,0.025,0.124,195.9,-1.746,240.5,195.6,-1.824,239.8,94.66595,93.31077,-0.1160186,-0.01504564,0.6718965,94.66595,93.32151,-0.116353,-0.01537999,0.6718965,94.6764,93.31025,-0.1166872,-0.01537997,0.6745456,13.27,13.7
"2015-01-13 02:43:00",166030,195.6654,-1.822177,240.0306,0.063,0.023,0.148,195.8,-1.785,240.5,195.5,-1.863,239.8,94.66544,93.29952,-0.1170215,-0.01537997,0.6704063,94.65405,93.2777,-0.1173558,-0.0157143,0.6705718,94.665,93.28839,-0.1173558,-0.0157143,0.6785194,13.27,13.71
"2015-01-13 02:44:00",166031,195.5888,-1.881679,239.9712,0.059,0.022,0.103,195.7,-1.824,240.4,195.5,-1.902,239.7,94.66464,93.27735,-0.1173552,-0.01604857,0.6692472,94.66464,93.26665,-0.1173552,-0.01638292,0.6718963,94.66464,93.27735,-0.1176895,-0.01638292,0.6731381,13.27,13.71
"2015-01-13 02:45:00",166032,195.4828,-1.904969,239.9907,0.061,0.016,0.148,195.6,-1.863,240.4,195.3,-1.941,239.7,94.65112,93.25347,-0.1180244,-0.01638299,0.6726414,94.66211,93.26415,-0.1186931,-0.01638299,0.6718963,94.66235,93.25371,-0.1183581,-0.01671725,0.6718991,13.27,13.72
"2015-01-13 02:46:00",166033,195.437,-1.921776,239.9336,0.067,0.019,0.133,195.6,-1.902,240.3,195.3,-1.941,239.6,94.6404,93.25371,-0.1183581,-0.01638291,0.6705745,94.62733,93.23022,-0.1183577,-0.01671719,0.6666001,94.61634,93.25163,-0.118692,-0.01671719,0.6625436,13.27,13.73
"2015-01-13 02:47:00",166034,195.3675,-1.950242,239.8535,0.048,0.02,0.124,195.5,-1.902,240.3,195.3,-1.979,239.7,94.60601,93.23081,-0.118024,-0.01671728,0.6652723,94.60601,93.23081,-0.1186927,-0.01705162,0.6612986,94.60648,93.23132,-0.1186927,-0.01705162,0.6626233,13.27,13.73
"2015-01-13 02:48:00",166035,195.3304,-2.003932,239.8928,0.042,0.025,0.158,195.4,-1.941,240.3,195.2,-2.057,239.5,94.60648,93.23132,-0.1186927,-0.01738597,0.6692463,94.60648,93.20992,-0.1186927,-0.01738597,0.6639479,94.58492,93.21027,-0.119027,-0.01738597,0.6771939,13.27,13.74
"2015-01-13 02:49:00",166036,195.2767,-2.045331,239.8326,0.053,0.019,0.159,195.4,-2.018,240.3,195.2,-2.096,239.5,94.58492,93.19955,-0.119027,-0.01772031,0.6665972,94.58525,93.19987,-0.119027,-0.01772031,0.6599717,94.57427,93.18916,-0.1193613,-0.01772031,0.656743,13.27,13.74
"2015-01-13 02:50:00",166037,195.2463,-2.078968,239.81,0.046,0.027,0.1,195.3,-2.057,240,195.1,-2.135,239.6,94.58324,93.19791,-0.119027,-0.01805466,0.6692389,94.59418,93.17652,-0.1193613,-0.01772031,0.6650996,94.58392,93.18787,-0.1196962,-0.01772039,0.6586439,13.27,13.74
"2015-01-13 02:51:00",166038,195.2123,-2.119726,239.8409,0.052,0.021,0.156,195.3,-2.057,240.5,195.1,-2.135,239.6,94.58392,93.18787,-0.1196962,-0.01838908,0.6559948,94.56025,93.1648,-0.1193617,-0.01838906,0.6679173,94.54931,93.1648,-0.1193617,-0.01838906,0.6744574,13.27,13.75
"2015-01-13 02:52:00",166039,195.1907,-2.128774,239.7797,0.049,0.017,0.111,195.3,-2.096,240.1,195,-2.173,239.6,94.53835,93.17547,-0.1193617,-0.01838906,0.6612944,94.50637,93.16563,-0.1190268,-0.01838897,0.6625372,94.51733,93.16563,-0.1193612,-0.01805463,0.6589773,13.27,13.75
"2015-01-13 02:53:00",166040,195.1285,-2.146883,239.7627,0.038,0.021,0.102,195.2,-2.096,240,195.1,-2.173,239.6,94.52893,93.15558,-0.1193612,-0.01838898,0.6665946,94.49608,93.14491,-0.1193612,-0.01872333,0.6573225,94.49664,93.13476,-0.1193612,-0.01872333,0.6573231,13.27,13.75
"2015-01-13 02:54:00",166041,195.0854,-2.170166,239.7568,0.057,0.025,0.129,195.2,-2.135,240.2,195,-2.212,239.5,94.49664,93.13476,-0.1193612,-0.01872333,0.6652706,94.49704,93.13515,-0.1200294,-0.01872325,0.6639466,94.49704,93.12448,-0.1200294,-0.0190576,0.6652712,13.27,13.76
"2015-01-13 02:55:00",166042,195.0684,-2.202505,239.7003,0.041,0.018,0.137,195.2,-2.135,240.1,195,-2.212,239.5,94.51929,93.1355,-0.1200296,-0.01905762,0.6546722,94.49741,93.12483,-0.1203639,-0.01905762,0.6599705,94.50836,93.12483,-0.1196952,-0.01905762,0.652023,13.27,13.76
"2015-01-13 02:56:00",166043,195.053,-2.210917,239.704,0.055,0.007,0.146,195.2,-2.173,240.3,194.9,-2.212,239.5,94.49772,93.1251,-0.1200297,-0.01905763,0.6586413,94.51961,93.1251,-0.1196953,-0.01905763,0.650694,94.50888,93.12534,-0.1200297,-0.01905765,0.6679124,13.27,13.76
"2015-01-13 02:57:00",166044,195.0385,-2.20445,239.6946,0.053,0.016,0.163,195.2,-2.173,240.4,195,-2.212,239.3,94.47608,93.12534,-0.1196954,-0.01905765,0.6609584,94.47404,93.12335,-0.1200298,-0.01905766,0.6599669,94.44126,93.11269,-0.1196955,-0.01905766,0.6440721,13.27,13.76
"2015-01-13 02:58:00",166045,195.0714,-2.192801,239.7407,0.05,0.019,0.15,195.2,-2.173,240.4,195,-2.212,239.5,94.45049,93.10036,-0.119695,-0.01905758,0.6546676,94.40678,93.10036,-0.1193607,-0.01872324,0.6586412,94.40769,93.10125,-0.1196951,-0.01872326,0.6612923,13.27,13.76
"2015-01-13 02:59:00",166046,195.1941,-2.153345,239.7395,0.067,0.025,0.107,195.3,-2.135,240.1,195,-2.212,239.6,94.37492,93.06925,-0.1190265,-0.01838892,0.6612923,94.37492,93.06925,-0.1190265,-0.01838892,0.6559939,94.35159,93.05708,-0.1183579,-0.01838894,0.6745394,13.27,13.76
