0 1 020 4.16 06 06 09
0 2 14 12 10 191.363 158.000 290.000   0.006   0.015 0.00164 0.00217 1   14   50  500 3.00
0 3 1000 1000 1000 0100 0010  19.350  23.400  30.150  41.850  90.000 138.150 149.850 156.600 160.650  90.000 180.000   0.998   0.100
0 4 1000 1000 1000 0100 0001  90.000 180.000
0 5  0.4702E-01 0.1874E+02 -.1156E+02 0.68949E-01 -.1246E-01 -.5090E-01 0.4000E+00 0.20171E-02 248.016 246.664   2.750
0 6 0000   1.000 223.150
1 14 12 10 17 00 25 86    2    0 305.70 306.76 261.12 250.90 191.20 157.57 457695 554179 558592 648157
2    1 14 12 10 17 00 25 86   0.246   0.0017  11.23  12.28  -1.00 326067 405989
2    2 14 12 10 17 00 45 82   0.252   0.0014  11.18  12.07  -1.00 326043 405868
3 14 12 10 17 00 25 86 10 191.54 157.65 0.999 1.000   0.231   0.0011  10.80  11.89
4    1 334142 416335
4    2 332137 413749
4    3 329979 411114
4    4 327853 408681
4    5 326067 405989
4    6 328055 408689
4    7 330092 411227
4    8 332307 413943
4    9 334352 416432
4   10 326043 405868
1 14 12 10 17 01 18 19    2    0 305.70 306.75 261.12 250.93 191.20 157.57 457662 554243 558600 648278
2    1 14 12 10 17 01 18 19   0.257   0.0012  11.19  11.98  -1.00 326010 405876
2    2 14 12 10 17 01 38 10   0.246   0.0014  11.11  12.09  -1.00 325970 405941
3 14 12 10 17 01 18 19 10 191.56 157.67 0.999 1.000   0.233   0.0011  10.81  11.87
4    1 334125 416238
4    2 332121 413830
4    3 330036 411195
4    4 327764 408616
4    5 326010 405876
4    6 328071 408624
4    7 330076 411178
4    8 332258 413902
4    9 334279 416368
4   10 325970 405941
1 14 12 10 17 02 10 58    2    0 305.70 306.75 261.12 250.96 191.20 157.57 457671 554179 558608 648254
2    1 14 12 10 17 02 10 58   0.248   0.0014  11.14  12.08  -1.00 325986 405868
2    2 14 12 10 17 02 30 70   0.240   0.0014  11.03  12.08  -1.00 325929 405868
3 14 12 10 17 02 10 58 10 191.48 157.74 0.999 1.000   0.233   0.0011  10.84  11.90
4    1 334109 416287
4    2 332153 413789
4    3 329971 411154
4    4 327724 408503
4    5 325986 405868
4    6 328023 408600
4    7 330076 411178
4    8 332234 413846
4    9 334263 416319
4   10 325929 405868
1 14 12 10 17 03 03 10    2    0 305.70 306.75 261.12 251.07 191.20 157.57 457630 554146 558576 648189
2    1 14 12 10 17 03 03 10   0.253   0.0015  11.24  12.15  -1.00 325994 405876
2    2 14 12 10 17 03 23 05   0.249   0.0016  11.24  12.22  -1.00 325994 405917
3 14 12 10 17 03 03 10 10 191.63 157.79 0.999 1.000   0.235   0.0010  10.82  11.84
4    1 334142 416287
4    2 332153 413789
4    3 329947 411089
4    4 327772 408616
4    5 325994 405876
4    6 328055 408697
4    7 330108 411195
4    8 332250 413830
4    9 334255 416287
4   10 325994 405917
1 14 12 10 17 03 55 54    2    0 305.70 306.75 261.13 251.03 191.20 157.57 457679 554211 558527 648254
2    1 14 12 10 17 03 55 54   0.251   0.0012  11.13  12.00  -1.00 325986 405852
2    2 14 12 10 17 04 15 38   0.243   0.0016  11.15  12.19  -1.00 325994 405965
3 14 12 10 17 03 55 54 10 191.35 157.69 0.999 1.000   0.234   0.0011  10.85  11.91
4    1 334142 416343
4    2 332194 413757
4    3 329906 411065
4    4 327772 408568
4    5 325986 405852
4    6 328007 408673
4    7 330060 411211
4    8 332266 413902
4    9 334287 416416
4   10 325994 405965
1 14 12 10 17 04 47 73    2    0 305.70 306.75 261.13 251.05 191.20 157.57 457703 554163 558608 648157
2    1 14 12 10 17 04 47 73   0.237   0.0017  11.10  12.25  -1.00 325986 405949
2    2 14 12 10 17 05 07 53   0.237   0.0017  11.10  12.25  -1.00 325986 405949
3 14 12 10 17 04 47 73 10 191.39 157.71 0.999 1.000   0.237   0.0011  10.89  11.90
4    1 334182 416368
4    2 332194 413846
4    3 329922 411098
4    4 327772 408640
4    5 325986 405949
4    6 327999 408632
4    7 330068 411170
4    8 332234 413870
4    9 334344 416408
4   10 325986 405949
1 14 12 10 17 05 39 93    2    0 305.70 306.75 261.13 251.06 191.20 157.58 457751 554171 558584 648222
2    1 14 12 10 17 05 39 93   0.233   0.0016  11.01  12.19  -1.00 325994 405925
2    2 14 12 10 17 05 59 85   0.225   0.0018  10.99  12.31  -1.00 325986 405997
3 14 12 10 17 05 39 93 10 191.17 157.80 1.000 1.000   0.238   0.0011  10.91  11.91
4    1 334247 416416
4    2 332210 413765
4    3 329955 411081
4    4 327772 408600
4    5 325994 405925
4    6 327983 408568
4    7 330019 411162
4    8 332258 413870
4    9 334319 416416
4   10 325986 405997
1 14 12 10 17 06 32 17    2    0 305.70 306.75 261.13 251.08 191.20 157.58 457695 554155 558576 648206
2    1 14 12 10 17 06 32 17   0.240   0.0017  11.13  12.25  -1.00 326002 405941
2    2 14 12 10 17 06 52 05   0.240   0.0015  11.06  12.12  -1.00 325962 405868
3 14 12 10 17 06 32 17 10 191.33 157.73 1.000 1.000   0.236   0.0012  10.92  11.96
4    1 334230 416368
4    2 332210 413878
4    3 329963 411187
4    4 327805 408608
4    5 326002 405941
4    6 328007 408592
4    7 330019 411130
4    8 332258 413862
4    9 334360 416456
4   10 325962 405868
1 14 12 10 17 07 24 37    2    0 305.70 306.76 261.14 251.10 191.20 157.58 457727 554243 558600 648335
2    1 14 12 10 17 07 24 37   0.243   0.0012  11.02  11.99  -1.00 325970 405868
2    2 14 12 10 17 07 44 16   0.237   0.0014  10.99  12.06  -1.00 325954 405908
3 14 12 10 17 07 24 37 10 191.22 157.69 1.000 1.000   0.238   0.0012  10.95  11.97
4    1 334198 416351
4    2 332274 413902
4    3 330003 411203
4    4 327829 408705
4    5 325970 405868
4    6 327934 408543
4    7 330019 411138
4    8 332315 413919
4    9 334368 416473
4   10 325954 405908
1 14 12 10 17 08 16 53    2    0 305.70 306.76 261.14 251.09 191.20 157.58 457800 554130 558600 648181
2    1 14 12 10 17 08 16 53   0.211   0.0017  10.76  12.24  -1.00 325913 405900
2    2 14 12 10 17 08 36 36   0.218   0.0017  10.86  12.24  -1.00 325962 405900
3 14 12 10 17 08 16 53 10 190.97 157.74 1.000 1.000   0.234   0.0013  10.92  12.00
4    1 334174 416359
4    2 332331 413999
4    3 329995 411275
4    4 327845 408665
4    5 325913 405900
4    6 328007 408487
4    7 330019 411178
4    8 332242 413919
4    9 334319 416448
4   10 325962 405900
1 14 12 10 17 09 08 64    2    0 305.70 306.76 261.15 251.11 191.20 157.58 457711 554187 558608 648165
2    1 14 12 10 17 09 08 64   0.233   0.0015  10.97  12.11  -1.00 325929 405884
2    2 14 12 10 17 09 28 59   0.237   0.0015  11.02  12.13  -1.00 325954 405892
3 14 12 10 17 09 08 64 10 191.29 157.53 1.000 1.000   0.234   0.0013  10.92  12.02
4    1 334134 416368
4    2 332315 413967
4    3 329979 411203
4    4 327780 408624
4    5 325929 405884
4    6 327966 408463
4    7 330003 411106
4    8 332250 413886
4    9 334319 416489
4   10 325954 405892
1 14 12 10 17 10 01 21    2    0 305.70 306.76 261.15 251.14 191.20 157.58 457792 554195 558721 648335
2    1 14 12 10 17 10 01 21   0.225   0.0016  10.90  12.18  -1.00 325970 405925
2    2 14 12 10 17 10 21 24   0.223   0.0015  10.86  12.14  -1.00 325946 405900
3 14 12 10 17 10 01 21 10 191.26 157.86 1.000 1.000   0.237   0.0012  10.92  11.96
4    1 334198 416335
4    2 332388 413999
4    3 330044 411195
4    4 327829 408600
4    5 325970 405925
4    6 327950 408527
4    7 330068 411211
4    8 332226 413894
4    9 334287 416384
4   10 325946 405900
1 14 12 10 17 10 53 72    2    0 305.70 306.76 261.15 251.18 191.20 157.58 457719 554195 558624 648246
2    1 14 12 10 17 10 53 72   0.241   0.0014  11.06  12.10  -1.00 325978 405876
2    2 14 12 10 17 11 13 65   0.237   0.0015  11.02  12.11  -1.00 325954 405884
3 14 12 10 17 10 53 72 10 191.37 157.66 0.999 1.000   0.231   0.0013  10.87  11.99
4    1 334133 416408
4    2 332388 414072
4    3 330003 411211
4    4 327813 408640
4    5 325978 405876
4    6 327991 408543
4    7 330027 411187
4    8 332218 413862
4    9 334247 416343
4   10 325954 405884
1 14 12 10 17 11 46 17    2    0 305.70 306.76 261.16 251.20 191.20 157.58 457719 554187 558640 648270
2    1 14 12 10 17 11 46 17   0.234   0.0015  10.99  12.11  -1.00 325930 405868
2    2 14 12 10 17 12 05 88   0.237   0.0014  11.00  12.09  -1.00 325938 405852
3 14 12 10 17 11 46 17 10 191.36 157.73 0.999 1.000   0.234   0.0012  10.87  11.95
4    1 334125 416376
4    2 332404 414048
4    3 329987 411154
4    4 327764 408592
4    5 325930 405868
4    6 328007 408560
4    7 329995 411146
4    8 332177 413813
4    9 334190 416238
4   10 325938 405852
1 14 12 10 17 12 38 20    2    0 305.70 306.76 261.17 251.20 191.20 157.58 457662 554179 558560 648254
2    1 14 12 10 17 12 38 20   0.241   0.0016  11.15  12.23  -1.00 325954 405925
2    2 14 12 10 17 12 58 04   0.248   0.0015  11.18  12.15  -1.00 325970 405876
3 14 12 10 17 12 38 20 10 191.43 157.79 0.999 0.999   0.235   0.0012  10.88  11.93
4    1 334182 416368
4    2 332444 414193
4    3 329930 411170
4    4 327740 408640
4    5 325954 405925
4    6 327926 408560
4    7 329939 411154
4    8 332161 413757
4    9 334142 416254
4   10 325970 405876
1 14 12 10 17 13 30 23    2    0 305.70 306.76 261.17 251.24 191.20 157.58 457727 554260 558568 648327
2    1 14 12 10 17 13 30 23   0.240   0.0013  11.01  12.03  -1.00 325946 405884
2    2 14 12 10 17 13 50 07   0.235   0.0015  11.01  12.14  -1.00 325946 405949
3 14 12 10 17 13 30 23 10 191.21 157.68 0.999 1.000   0.233   0.0012  10.89  11.98
4    1 334182 416456
4    2 332436 414177
4    3 329922 411106
4    4 327748 408592
4    5 325946 405884
4    6 328023 408584
4    7 329979 411106
4    8 332161 413813
4    9 334190 416303
4   10 325946 405949
1 14 12 10 17 14 22 44    2    0 305.70 306.77 261.17 251.26 191.20 157.58 457768 554284 558657 648319
2    1 14 12 10 17 14 22 44   0.232   0.0014  10.95  12.10  -1.00 325954 405949
2    2 14 12 10 17 14 42 23   0.234   0.0014  10.98  12.10  -1.00 325970 405949
3 14 12 10 17 14 22 44 10 191.26 157.68 0.999 0.999   0.238   0.0011  10.89  11.89
4    1 334158 416376
4    2 332485 414201
4    3 329898 411122
4    4 327764 408576
4    5 325954 405949
4    6 327958 408560
4    7 329963 411130
4    8 332186 413797
4    9 334206 416198
4   10 325970 405949
1 14 12 10 17 15 14 80    2    0 305.70 306.76 261.18 251.26 191.20 157.58 457687 554203 558592 648343
2    1 14 12 10 17 15 14 80   0.240   0.0015  11.06  12.13  -1.00 325929 405876
2    2 14 12 10 17 15 34 79   0.240   0.0015  11.08  12.16  -1.00 325938 405892
3 14 12 10 17 15 14 80 10 191.41 157.85 0.999 0.999   0.231   0.0012  10.85  11.95
4    1 334061 416343
4    2 332460 414209
4    3 329874 411049
4    4 327692 408560
4    5 325929 405876
4    6 327974 408503
4    7 329963 411073
4    8 332121 413749
4    9 334133 416230
4   10 325938 405892
1 14 12 10 17 16 07 12    2    0 305.70 306.77 261.19 251.23 191.20 157.58 457759 554268 558689 648294
2    1 14 12 10 17 16 07 12   0.231   0.0013  10.88  12.00  -1.00 325897 405860
2    2 14 12 10 17 16 26 95   0.235   0.0012  10.91  11.97  -1.00 325913 405844
3 14 12 10 17 16 07 12 10 191.28 157.54 0.999 0.999   0.234   0.0012  10.89  11.98
4    1 334085 416271
4    2 332452 414258
4    3 329850 411033
4    4 327659 408511
4    5 325897 405860
4    6 327942 408463
4    7 329947 411049
4    8 332129 413757
4    9 334158 416262
4   10 325913 405844
1 14 12 10 17 16 59 27    2    0 305.70 306.77 261.20 251.22 191.20 157.58 457808 554324 558705 648319
2    1 14 12 10 17 16 59 27   0.233   0.0011  10.83  11.89  -1.00 325913 405852
2    2 14 12 10 17 17 19 52   0.236   0.0012  10.89  11.93  -1.00 325946 405876
3 14 12 10 17 16 59 27 10 191.18 157.44 0.999 0.999   0.234   0.0013  10.90  11.99
4    1 334125 416279
4    2 332468 414315
4    3 329817 411049
4    4 327692 408519
4    5 325913 405852
4    6 327894 408455
4    7 329947 411065
4    8 332137 413757
4    9 334158 416287
4   10 325946 405876
1 14 12 10 17 17 53 14    2    0 305.70 306.77 261.20 251.24 191.20 157.58 457687 554260 558632 648262
2    1 14 12 10 17 17 53 14   0.241   0.0013  11.02  12.04  -1.00 325889 405876
2    2 14 12 10 17 18 13 75   0.247   0.0013  11.07  12.00  -1.00 325913 405852
3 14 12 10 17 17 53 14 10 191.38 157.51 0.998 0.999   0.236   0.0013  10.94  12.01
4    1 334061 416295
4    2 332557 414355
4    3 329833 411065
4    4 327683 408568
4    5 325889 405876
4    6 327877 408471
4    7 329898 411098
4    8 332129 413789
4    9 334206 416311
4   10 325913 405852
1 14 12 10 17 18 47 38    2    0 305.70 306.76 261.21 251.22 191.20 157.58 457759 554211 558624 648278
2    1 14 12 10 17 18 47 38   0.231   0.0013  10.89  12.02  -1.00 325889 405811
2    2 14 12 10 17 19 07 70   0.228   0.0014  10.89  12.09  -1.00 325889 405852
3 14 12 10 17 18 47 38 10 191.09 157.60 0.998 0.998   0.235   0.0014  10.97  12.06
4    1 334077 416238
4    2 332557 414476
4    3 329801 411025
4    4 327659 408584
4    5 325889 405811
4    6 327877 408414
4    7 329914 411098
4    8 332137 413789
4    9 334231 416376
4   10 325889 405852
1 14 12 10 17 19 39 89    2    0 305.70 306.77 261.22 251.17 191.20 157.58 457735 554268 558608 648262
2    1 14 12 10 17 19 39 89   0.241   0.0013  11.02  12.02  -1.00 325929 405868
2    2 14 12 10 17 19 59 72   0.237   0.0014  11.00  12.08  -1.00 325921 405900
3 14 12 10 17 19 39 89 10 191.18 157.50 0.998 0.998   0.239   0.0013  11.00  12.03
4    1 334117 416263
4    2 332630 414557
4    3 329817 411057
4    4 327716 408576
4    5 325929 405868
4    6 327902 408487
4    7 329971 411098
4    8 332202 413838
4    9 334295 416343
4   10 325921 405900
1 14 12 10 17 20 31 96    2    0 305.70 306.76 261.22 251.22 191.20 157.58 457768 554268 558657 648286
2    1 14 12 10 17 20 31 96   0.235   0.0014  10.96  12.05  -1.00 325929 405884
2    2 14 12 10 17 20 51 92   0.233   0.0013  10.90  12.00  -1.00 325897 405852
3 14 12 10 17 20 31 96 10 191.15 157.46 0.998 0.998   0.234   0.0015  10.99  12.14
4    1 334117 416343
4    2 332679 414686
4    3 329874 411090
4    4 327708 408511
4    5 325929 405884
4    6 327974 408535
4    7 330019 411122
4    8 332186 413797
4    9 334287 416473
4   10 325897 405852
1 14 12 10 17 21 24 24    2    0 305.70 306.77 261.23 251.20 191.20 157.58 457784 554276 558584 648311
2    1 14 12 10 17 21 24 24   0.231   0.0012  10.85  11.96  -1.00 325889 405836
2    2 14 12 10 17 21 44 04   0.241   0.0012  10.98  11.99  -1.00 325962 405852
3 14 12 10 17 21 24 24 10 190.94 157.42 0.998 0.997   0.234   0.0016  11.04  12.20
4    1 334142 416400
4    2 332743 414800
4    3 329874 411130
4    4 327692 408584
4    5 325889 405836
4    6 327942 408535
4    7 329995 411073
4    8 332250 413894
4    9 334319 416481
4   10 325962 405852
1 14 12 10 17 22 16 54    2    0 305.70 306.76 261.23 251.16 191.20 157.58 457743 554243 558657 648254
2    1 14 12 10 17 22 16 54   0.237   0.0014  11.01  12.10  -1.00 325929 405884
2    2 14 12 10 17 22 36 49   0.239   0.0014  11.04  12.11  -1.00 325946 405892
3 14 12 10 17 22 16 54 10 191.23 157.44 0.998 0.997   0.233   0.0017  11.06  12.25
4    1 334190 416489
4    2 332784 414913
4    3 329817 411162
4    4 327700 408616
4    5 325929 405884
4    6 327974 408471
4    7 330011 411219
4    8 332258 413959
4    9 334319 416489
4   10 325946 405892
1 14 12 10 17 23 08 93    2    0 305.70 306.77 261.24 251.18 191.20 157.58 457759 554268 558689 648359
2    1 14 12 10 17 23 08 93   0.248   0.0013  11.13  12.07  -1.00 326002 405884
2    2 14 12 10 17 23 28 79   0.238   0.0015  11.07  12.16  -1.00 325970 405941
3 14 12 10 17 23 08 93 10 191.35 157.57 0.997 0.997   0.229   0.0017  11.00  12.24
4    1 334125 416513
4    2 332808 415002
4    3 329801 411098
4    4 327716 408608
4    5 326002 405884
4    6 327958 408543
4    7 330052 411251
4    8 332274 413991
4    9 334327 416473
4   10 325970 405941
1 14 12 10 17 24 01 12    2    0 305.70 306.77 261.24 251.23 191.20 157.58 457776 554235 558673 648278
2    1 14 12 10 17 24 01 12   0.225   0.0018  11.00  12.32  -1.00 325946 405997
2    2 14 12 10 17 24 21 00   0.235   0.0014  10.98  12.09  -1.00 325938 405860
3 14 12 10 17 24 01 12 10 191.19 157.59 0.998 0.997   0.233   0.0016  11.01  12.18
4    1 334166 416448
4    2 332759 414969
4    3 329793 411146
4    4 327732 408616
4    5 325946 405997
4    6 327991 408568
4    7 330060 411243
4    8 332274 413910
4    9 334279 416448
4   10 325938 405860
1 14 12 10 17 24 53 61    2    0 305.70 306.77 261.25 251.29 191.20 157.58 457832 554276 558689 648286
2    1 14 12 10 17 24 53 61   0.220   0.0015  10.81  12.13  -1.00 325905 405925
2    2 14 12 10 17 25 13 56   0.227   0.0015  10.89  12.12  -1.00 325946 405917
3 14 12 10 17 24 53 61 10 191.04 157.48 0.998 0.997   0.231   0.0016  10.99  12.18
4    1 334125 416400
4    2 332743 414961
4    3 329850 411138
4    4 327764 408608
4    5 325905 405925
4    6 327983 408576
4    7 330027 411211
4    8 332234 413959
4    9 334271 416489
4   10 325946 405917
1 14 12 10 17 25 46 01    2    0 305.70 306.77 261.26 251.36 191.20 157.58 457784 554308 558632 648311
2    1 14 12 10 17 25 46 01   0.240   0.0013  11.00  12.04  -1.00 325954 405900
2    2 14 12 10 17 26 05 80   0.235   0.0014  10.97  12.08  -1.00 325938 405925
3 14 12 10 17 25 46 01 10 191.15 157.46 0.997 0.996   0.231   0.0015  10.96  12.15
4    1 334142 416465
4    2 332800 414961
4    3 329858 411114
4    4 327724 408608
4    5 325954 405900
4    6 327966 408543
4    7 329995 411170
4    8 332177 413805
4    9 334198 416376
4   10 325938 405925
1 14 12 10 17 26 38 09    2    0 305.70 306.78 261.26 251.40 191.20 157.58 457776 554292 558624 648359
2    1 14 12 10 17 26 38 09   0.236   0.0014  11.00  12.10  -1.00 325946 405917
2    2 14 12 10 17 26 58 00   0.234   0.0014  10.97  12.10  -1.00 325929 405917
3 14 12 10 17 26 38 09 10 191.13 157.58 0.997 0.996   0.231   0.0016  10.99  12.17
4    1 334117 416489
4    2 332784 415026
4    3 329842 411130
4    4 327748 408608
4    5 325946 405917
4    6 327958 408584
4    7 330011 411170
4    8 332218 413813
4    9 334255 416408
4   10 325929 405917
1 14 12 10 17 27 30 19    2    0 305.70 306.77 261.27 251.46 191.20 157.58 457800 554260 558689 648294
2    1 14 12 10 17 27 30 19   0.242   0.0014  11.06  12.07  -1.00 325994 405860
2    2 14 12 10 17 27 49 87   0.238   0.0015  11.06  12.16  -1.00 325994 405917
3 14 12 10 17 27 30 19 10 191.24 157.46 0.997 0.997   0.229   0.0017  11.02  12.28
4    1 334190 416562
4    2 332824 415042
4    3 329850 411162
4    4 327748 408657
4    5 325994 405860
4    6 327974 408592
4    7 330052 411251
4    8 332218 413951
4    9 334368 416529
4   10 325994 405917
1 14 12 10 17 28 22 15    2    0 305.70 306.77 261.28 251.47 191.20 157.58 457840 554195 558519 648246
2    1 14 12 10 17 28 22 15   0.215   0.0018  10.87  12.32  -1.00 325946 405941
2    2 14 12 10 17 28 42 23   0.222   0.0018  10.95  12.30  -1.00 325986 405933
3 14 12 10 17 28 22 15 10 190.72 157.61 0.997 0.997   0.231   0.0017  11.05  12.28
4    1 334206 416618
4    2 332840 415026
4    3 329850 411162
4    4 327724 408624
4    5 325946 405941
4    6 327958 408592
4    7 330068 411251
4    8 332226 413951
4    9 334360 416545
4   10 325986 405933
1 14 12 10 17 29 14 55    2    0 305.70 306.77 261.28 251.51 191.20 157.58 457816 554300 558689 648359
2    1 14 12 10 17 29 14 55   0.244   0.0013  11.07  12.05  -1.00 326027 405884
2    2 14 12 10 17 29 34 47   0.224   0.0016  10.92  12.21  -1.00 325946 405981
3 14 12 10 17 29 14 55 10 191.20 157.51 0.998 0.997   0.227   0.0017  11.00  12.28
4    1 334263 416634
4    2 332792 415002
4    3 329866 411170
4    4 327748 408632
4    5 326027 405884
4    6 328023 408608
4    7 330011 411211
4    8 332218 413959
4    9 334263 416545
4   10 325946 405981
1 14 12 10 17 30 06 87    2    0 305.70 306.78 261.29 251.56 191.20 157.58 457856 554316 558689 648327
2    1 14 12 10 17 30 06 87   0.226   0.0016  10.91  12.17  -1.00 325978 405965
2    2 14 12 10 17 30 26 75   0.224   0.0017  10.93  12.22  -1.00 325986 405997
3 14 12 10 17 30 06 87 10 191.00 157.47 0.998 0.997   0.233   0.0017  11.08  12.29
4    1 334360 416820
4    2 332808 415042
4    3 329930 411227
4    4 327797 408697
4    5 325978 405965
4    6 328039 408689
4    7 330076 411275
4    8 332323 414024
4    9 334336 416505
4   10 325986 405997
1 14 12 10 17 30 58 90    2    0 305.70 306.77 261.30 251.58 191.20 157.58 457848 554316 558689 648327
2    1 14 12 10 17 30 58 90   0.227   0.0015  10.90  12.13  -1.00 325962 405941
2    2 14 12 10 17 31 18 90   0.236   0.0014  10.97  12.06  -1.00 326002 405900
3 14 12 10 17 30 58 90 10 190.99 157.39 0.998 0.997   0.236   0.0018  11.13  12.32
4    1 334457 416861
4    2 332929 415074
4    3 330011 411243
4    4 327789 408737
4    5 325962 405941
4    6 328071 408649
4    7 330068 411300
4    8 332347 414016
4    9 334319 416432
4   10 326002 405900
1 14 12 10 17 31 51 27    2    0 305.70 306.77 261.31 251.54 191.20 157.58 457792 554284 558649 648383
2    1 14 12 10 17 31 51 27   0.236   0.0017  11.10  12.28  -1.00 326010 405989
2    2 14 12 10 17 32 11 10   0.234   0.0017  11.07  12.27  -1.00 325994 405981
3 14 12 10 17 31 51 27 10 191.19 157.70 0.998 0.997   0.235   0.0016  11.07  12.23
4    1 334392 416788
4    2 332824 414953
4    3 330011 411300
4    4 327805 408705
4    5 326010 405989
4    6 327999 408592
4    7 330100 411275
4    8 332218 413838
4    9 334336 416448
4   10 325994 405981
1 14 12 10 17 32 43 30    2    0 305.70 306.77 261.31 251.53 191.20 157.58 457913 554332 558762 648416
2    1 14 12 10 17 32 43 30   0.221   0.0017  10.90  12.25  -1.00 326026 406014
2    2 14 12 10 17 33 03 06   0.226   0.0016  10.95  12.22  -1.00 326051 405997
3 14 12 10 17 32 43 30 10 191.09 157.64 0.998 0.997   0.231   0.0017  11.02  12.24
4    1 334392 416861
4    2 332832 414969
4    3 329979 411275
4    4 327886 408762
4    5 326026 406014
4    6 328015 408657
4    7 330100 411300
4    8 332242 413886
4    9 334328 416481
4   10 326051 405997
1 14 12 10 17 33 35 22    2    0 305.70 306.78 261.31 251.53 191.20 157.58 457800 554260 558729 648375
2    1 14 12 10 17 33 35 22   0.227   0.0020  11.10  12.44  -1.00 326010 406046
2    2 14 12 10 17 33 55 10   0.235   0.0018  11.13  12.34  -1.00 326027 405989
3 14 12 10 17 33 35 22 10 191.35 157.83 0.998 0.998   0.237   0.0015  11.06  12.17
4    1 334408 416772
4    2 332768 414848
4    3 329995 411332
4    4 327813 408770
4    5 326010 406046
4    6 328023 408640
4    7 330076 411251
4    8 332266 413894
4    9 334336 416448
4   10 326027 405989
1 14 12 10 17 34 27 46    2    0 305.70 306.78 261.32 251.51 191.20 157.58 457873 554357 558754 648367
2    1 14 12 10 17 34 27 46   0.239   0.0012  10.94  11.95  -1.00 325994 405852
2    2 14 12 10 17 34 47 42   0.234   0.0014  10.94  12.06  -1.00 325994 405917
3 14 12 10 17 34 27 46 10 191.13 157.37 0.999 0.998   0.233   0.0017  11.05  12.24
4    1 334360 416756
4    2 332735 414735
4    3 330044 411251
4    4 327789 408649
4    5 325994 405852
4    6 327991 408665
4    7 330068 411203
4    8 332307 413975
4    9 334303 416392
4   10 325994 405917
1 14 12 10 17 35 19 81    2    0 305.70 306.77 261.33 251.48 191.20 157.58 457856 554308 558689 648351
2    1 14 12 10 17 35 19 81   0.220   0.0017  10.88  12.24  -1.00 325946 405973
2    2 14 12 10 17 35 39 81   0.228   0.0015  10.90  12.11  -1.00 325954 405892
3 14 12 10 17 35 19 81 10 190.97 157.53 0.998 0.998   0.237   0.0016  11.10  12.24
4    1 334424 416812
4    2 332743 414678
4    3 330011 411227
4    4 327772 408632
4    5 325946 405973
4    6 328007 408600
4    7 330036 411162
4    8 332283 413918
4    9 334287 416424
4   10 325954 405892
1 14 12 10 17 36 12 18    2    0 305.70 306.78 261.33 251.49 191.20 157.58 457913 554308 558754 648367
2    1 14 12 10 17 36 12 18   0.225   0.0016  10.90  12.17  -1.00 326010 405925
2    2 14 12 10 17 36 32 11   0.210   0.0016  10.71  12.17  -1.00 325913 405925
3 14 12 10 17 36 12 18 10 190.93 157.58 0.999 0.999   0.238   0.0016  11.08  12.20
4    1 334457 416747
4    2 332679 414549
4    3 329971 411235
4    4 327780 408681
4    5 326010 405925
4    6 328055 408592
4    7 330084 411187
4    8 332291 413894
4    9 334303 416473
4   10 325913 405925
1 14 12 10 17 37 04 46    2    0 305.70 306.78 261.34 251.45 191.20 157.58 457832 554324 558721 648319
2    1 14 12 10 17 37 04 46   0.237   0.0014  10.99  12.06  -1.00 325970 405876
2    2 14 12 10 17 37 24 29   0.240   0.0013  10.99  12.01  -1.00 325970 405844
3 14 12 10 17 37 04 46 10 191.21 157.40 0.999 0.999   0.234   0.0016  11.02  12.18
4    1 334368 416675
4    2 332598 414403
4    3 330044 411251
4    4 327813 408681
4    5 325970 405876
4    6 327942 408552
4    7 330044 411162
4    8 332250 413943
4    9 334263 416408
4   10 325970 405844
1 14 12 10 17 37 56 74    2    0 305.70 306.78 261.35 251.46 191.20 157.58 457897 554308 558810 648456
2    1 14 12 10 17 37 56 74   0.224   0.0014  10.83  12.08  -1.00 325946 405860
2    2 14 12 10 17 38 16 49   0.235   0.0014  10.99  12.09  -1.00 326027 405868
3 14 12 10 17 37 56 74 10 191.19 157.68 0.999 0.999   0.234   0.0016  11.02  12.19
4    1 334400 416731
4    2 332590 414460
4    3 330003 411219
4    4 327805 408632
4    5 325946 405860
4    6 328007 408592
4    7 330036 411170
4    8 332258 413846
4    9 334295 416384
4   10 326027 405868
1 14 12 10 17 38 48 68    2    0 305.70 306.78 261.35 251.47 191.20 157.58 457913 554324 558802 648416
2    1 14 12 10 17 38 48 68   0.224   0.0015  10.84  12.09  -1.00 325962 405876
2    2 14 12 10 17 39 08 52   0.229   0.0014  10.87  12.04  -1.00 325978 405844
3 14 12 10 17 38 48 68 10 191.11 157.61 0.999 0.999   0.235   0.0015  11.00  12.12
4    1 334368 416634
4    2 332574 414323
4    3 330003 411162
4    4 327780 408584
4    5 325962 405876
4    6 327958 408543
4    7 329995 411106
4    8 332218 413830
4    9 334239 416311
4   10 325978 405844
1 14 12 10 17 39 40 52    2    0 305.70 306.78 261.36 251.47 191.20 157.58 457856 554381 558826 648472
2    1 14 12 10 17 39 40 52   0.236   0.0015  11.03  12.14  -1.00 325994 405957
2    2 14 12 10 17 40 00 51   0.244   0.0014  11.11  12.10  -1.00 326035 405933
3 14 12 10 17 39 40 52 10 191.50 157.74 0.999 0.999   0.234   0.0012  10.90  11.98
4    1 334319 416545
4    2 332468 414226
4    3 329995 411219
4    4 327805 408616
4    5 325994 405957
4    6 328023 408535
4    7 330011 411178
4    8 332234 413797
4    9 334198 416254
4   10 326035 405933
1 14 12 10 17 40 32 84    2    0 305.70 306.77 261.37 251.49 191.20 157.58 457873 554365 558729 648424
2    1 14 12 10 17 40 32 84   0.240   0.0016  11.10  12.19  -1.00 326051 405965
2    2 14 12 10 17 40 52 55   0.248   0.0013  11.10  12.02  -1.00 326051 405868
3 14 12 10 17 40 32 84 10 191.33 157.67 0.999 0.999   0.232   0.0013  10.87  11.98
4    1 334352 416586
4    2 332444 414201
4    3 329995 411227
4    4 327821 408673
4    5 326051 405965
4    6 327983 408584
4    7 329987 411073
4    8 332153 413700
4    9 334206 416263
4   10 326051 405868
1 14 12 10 17 41 24 87    2    0 305.70 306.78 261.37 251.49 191.20 157.58 457889 554389 558762 648432
2    1 14 12 10 17 41 24 87   0.234   0.0014  10.94  12.05  -1.00 325978 405908
2    2 14 12 10 17 41 44 58   0.238   0.0012  10.94  11.97  -1.00 325978 405860
3 14 12 10 17 41 24 87 10 191.21 157.53 0.999 0.999   0.231   0.0014  10.92  12.06
4    1 334303 416642
4    2 332436 414226
4    3 329939 411203
4    4 327805 408649
4    5 325978 405908
4    6 327950 408406
4    7 329963 411098
4    8 332153 413725
4    9 334206 416271
4   10 325978 405860
1 14 12 10 17 42 16 86    2    0 305.70 306.77 261.38 251.51 191.20 157.58 457873 554365 558802 648488
2    1 14 12 10 17 42 16 86   0.241   0.0012  11.00  11.99  -1.00 325986 405836
2    2 14 12 10 17 42 36 86   0.237   0.0013  10.97  12.03  -1.00 325970 405860
3 14 12 10 17 42 16 86 10 191.35 157.69 0.999 1.000   0.233   0.0013  10.90  12.01
4    1 334279 416521
4    2 332363 414056
4    3 329971 411186
4    4 327772 408657
4    5 325986 405836
4    6 327983 408519
4    7 330003 411081
4    8 332186 413725
4    9 334214 416319
4   10 325970 405860
1 14 12 10 17 43 09 39    2    0 305.70 306.77 261.38 251.49 191.20 157.58 457937 554421 558843 648319
2    1 14 12 10 17 43 09 39   0.227   0.0012  10.79  11.94  -1.00 325938 405876
2    2 14 12 10 17 43 29 31   0.239   0.0010  10.88  11.85  -1.00 325986 405820
3 14 12 10 17 43 09 39 10 191.19 157.26 0.999 1.000   0.233   0.0013  10.91  12.01
4    1 334231 416424
4    2 332299 414007
4    3 329890 411154
4    4 327740 408495
4    5 325938 405876
4    6 327934 408430
4    7 330003 411130
4    8 332226 413733
4    9 334230 416319
4   10 325986 405820
1 14 12 10 17 44 01 59    2    0 305.70 306.77 261.38 251.49 191.20 157.58 457865 554373 558729 648375
2    1 14 12 10 17 44 01 59   0.240   0.0014  11.06  12.12  -1.00 326010 405933
2    2 14 12 10 17 44 21 50   0.247   0.0013  11.10  12.03  -1.00 326027 405884
3 14 12 10 17 44 01 59 10 191.38 157.58 0.999 1.000   0.228   0.0012  10.80  11.96
4    1 334206 416448
4    2 332234 413878
4    3 329890 411065
4    4 327732 408503
4    5 326010 405933
4    6 328015 408552
4    7 329971 411130
4    8 332177 413773
4    9 334174 416351
4   10 326027 405884
1 14 12 10 17 44 53 69    2    0 305.70 306.76 261.38 251.49 191.20 157.59 457832 554413 558770 648456
2    1 14 12 10 17 44 53 69   0.247   0.0012  11.06  11.98  -1.00 325970 405892
2    2 14 12 10 17 45 13 66   0.249   0.0013  11.14  12.06  -1.00 326010 405941
3 14 12 10 17 44 53 69 10 191.53 157.67 0.999 1.000   0.232   0.0011  10.80  11.87
4    1 334150 416343
4    2 332161 413902
4    3 329858 411090
4    4 327740 408649
4    5 325970 405892
4    6 327974 408495
4    7 329947 411033
4    8 332145 413741
4    9 334198 416287
4   10 326010 405941
1 14 12 10 17 45 46 02    2    0 305.70 306.77 261.39 251.47 191.20 157.59 457913 554389 558737 648400
2    1 14 12 10 17 45 46 02   0.239   0.0012  10.95  11.97  -1.00 325994 405860
2    2 14 12 10 17 46 05 93   0.242   0.0012  10.98  11.94  -1.00 326010 405844
3 14 12 10 17 45 46 02 10 191.18 157.46 1.000 1.000   0.226   0.0014  10.85  12.06
4    1 334198 416456
4    2 332202 413999
4    3 329979 411235
4    4 327821 408640
4    5 325994 405860
4    6 327966 408560
4    7 329987 411122
4    8 332218 413902
4    9 334287 416481
4   10 326010 405844
1 14 12 10 17 46 38 21    2    0 305.70 306.76 261.39 251.45 191.20 157.59 457889 554389 558778 648416
2    1 14 12 10 17 46 38 21   0.236   0.0011  10.86  11.88  -1.00 325921 405811
2    2 14 12 10 17 46 58 09   0.235   0.0014  10.98  12.10  -1.00 325986 405941
3 14 12 10 17 46 38 21 10 191.21 157.50 1.000 1.000   0.231   0.0014  10.93  12.08
4    1 334263 416545
4    2 332266 413959
4    3 329939 411090
4    4 327748 408552
4    5 325921 405811
4    6 328007 408543
4    7 330084 411332
4    8 332266 414016
4    9 334255 416408
4   10 325986 405941
1 14 12 10 17 47 30 50    2    0 305.70 306.76 261.39 251.46 191.20 157.59 457848 554429 558786 648472
2    1 14 12 10 17 47 30 50   0.238   0.0016  11.08  12.20  -1.00 325994 406038
2    2 14 12 10 17 47 50 48   0.253   0.0013  11.18  12.04  -1.00 326043 405941
3 14 12 10 17 47 30 50 10 191.56 157.73 1.000 1.000   0.231   0.0011  10.80  11.88
4    1 334198 416424
4    2 332161 413830
4    3 329922 411081
4    4 327772 408616
4    5 325994 406038
4    6 328007 408616
4    7 330036 411267
4    8 332194 413822
4    9 334206 416416
4   10 326043 405941
1 14 12 10 17 48 22 85    2    0 305.70 306.76 261.39 251.46 191.20 157.59 457953 554365 558794 648464
2    1 14 12 10 17 48 22 85   0.231   0.0015  10.94  12.11  -1.00 326027 405917
2    2 14 12 10 17 48 42 56   0.225   0.0016  10.91  12.17  -1.00 326010 405957
3 14 12 10 17 48 22 85 10 191.22 157.79 1.000 1.000   0.227   0.0012  10.80  11.96
4    1 334214 416465
4    2 332218 414015
4    3 329987 411235
4    4 327837 408673
4    5 326027 405917
4    6 328023 408640
4    7 329987 411170
4    8 332194 413910
4    9 334222 416384
4   10 326010 405957
1 14 12 10 17 49 14 80    2    0 305.70 306.76 261.39 251.44 191.20 157.59 457913 554389 558794 648416
2    1 14 12 10 17 49 14 80   0.237   0.0013  10.96  12.01  -1.00 325994 405884
2    2 14 12 10 17 49 34 68   0.231   0.0017  11.02  12.24  -1.00 326027 406022
3 14 12 10 17 49 14 80 10 191.31 157.64 1.000 1.000   0.229   0.0013  10.85  11.99
4    1 334287 416553
4    2 332258 414016
4    3 330084 411292
4    4 327853 408754
4    5 325994 405884
4    6 328023 408552
4    7 330011 411195
4    8 332202 413894
4    9 334231 416424
4   10 326027 406022
1 14 12 10 17 50 06 71    2    0 305.70 306.76 261.39 251.42 191.20 157.59 457873 554413 558721 648391
2    1 14 12 10 17 50 06 71   0.246   0.0013  11.06  12.00  -1.00 326010 405908
2    2 14 12 10 17 50 26 62   0.243   0.0012  11.01  11.99  -1.00 325986 405900
3 14 12 10 17 50 06 71 10 191.28 157.43 1.000 1.000   0.226   0.0014  10.85  12.07
4    1 334287 416675
4    2 332299 414056
4    3 329987 411219
4    4 327845 408713
4    5 326010 405908
4    6 328031 408535
4    7 330011 411187
4    8 332169 413822
4    9 334198 416416
4   10 325986 405900
1 14 12 10 17 50 58 86    2    0 305.70 306.76 261.39 251.40 191.20 157.59 457873 554381 558754 648375
2    1 14 12 10 17 50 58 86   0.237   0.0015  11.02  12.11  -1.00 325994 405949
2    2 14 12 10 17 51 18 79   0.240   0.0014  11.04  12.09  -1.00 326002 405933
3 14 12 10 17 50 58 86 10 191.33 157.59 1.000 1.000   0.231   0.0012  10.86  11.98
4    1 334247 416562
4    2 332218 413999
4    3 329947 411195
4    4 327764 408632
4    5 325994 405949
4    6 327974 408632
4    7 330019 411227
4    8 332210 413789
4    9 334230 416384
4   10 326002 405933
1 14 12 10 17 51 50 98    2    0 305.70 306.76 261.39 251.40 191.20 157.59 457897 554349 558802 648416
2    1 14 12 10 17 51 50 98   0.237   0.0015  11.06  12.17  -1.00 326035 405949
2    2 14 12 10 17 52 10 78   0.233   0.0016  11.01  12.19  -1.00 326010 405957
3 14 12 10 17 51 50 98 10 191.44 157.79 1.000 1.000   0.228   0.0012  10.79  11.93
4    1 334206 416456
4    2 332177 413854
4    3 329955 411146
4    4 327772 408649
4    5 326035 405949
4    6 327974 408560
4    7 329979 411114
4    8 332169 413846
4    9 334174 416400
4   10 326010 405957
1 14 12 10 17 52 43 17    2    0 305.70 306.76 261.39 251.39 191.20 157.59 457889 554349 558851 648343
2    1 14 12 10 17 52 43 17   0.235   0.0015  11.01  12.14  -1.00 325994 405933
2    2 14 12 10 17 53 03 06   0.238   0.0014  11.02  12.10  -1.00 326002 405908
3 14 12 10 17 52 43 17 10 191.52 157.60 1.000 1.000   0.226   0.0013  10.79  11.97
4    1 334206 416513
4    2 332121 413959
4    3 329987 411235
4    4 327837 408689
4    5 325994 405933
4    6 327983 408511
4    7 330027 411211
4    8 332202 413830
4    9 334182 416351
4   10 326002 405908
1 14 12 10 17 53 35 34    2    0 305.70 306.76 261.38 251.43 191.20 157.59 457913 554421 558810 648416
2    1 14 12 10 17 53 35 34   0.237   0.0013  10.94  12.00  -1.00 325986 405925
2    2 14 12 10 17 53 55 38   0.238   0.0012  10.91  11.93  -1.00 325970 405884
3 14 12 10 17 53 35 34 10 191.28 157.50 1.000 1.000   0.230   0.0013  10.85  11.99
4    1 334231 416513
4    2 332250 413967
4    3 330003 411195
4    4 327805 408624
4    5 325986 405925
4    6 328023 408689
4    7 330003 411211
4    8 332210 413935
4    9 334222 416392
4   10 325970 405884
1 14 12 10 17 54 27 65    2    0 305.70 306.76 261.38 251.45 191.20 157.59 457897 554397 558754 648367
2    1 14 12 10 17 54 27 65   0.235   0.0015  11.01  12.13  -1.00 326010 405989
2    2 14 12 10 17 54 47 57   0.243   0.0014  11.09  12.11  -1.00 326051 405973
3 14 12 10 17 54 27 65 10 191.33 157.57 1.000 1.000   0.228   0.0013  10.82  11.98
4    1 334206 416465
4    2 332194 413983
4    3 329987 411203
4    4 327797 408640
4    5 326010 405989
4    6 328096 408665
4    7 330100 411292
4    8 332258 413991
4    9 334295 416489
4   10 326051 405973
1 14 12 10 17 55 19 81    2    0 305.70 306.76 261.38 251.46 191.20 157.59 457897 554413 558737 648448
2    1 14 12 10 17 55 19 81   0.236   0.0015  11.00  12.12  -1.00 326010 405997
2    2 14 12 10 17 55 39 85   0.242   0.0014  11.07  12.09  -1.00 326043 405981
3 14 12 10 17 55 19 81 10 191.26 157.62 1.000 1.000   0.228   0.0014  10.86  12.04
4    1 334239 416521
4    2 332250 413951
4    3 329987 411235
4    4 327853 408673
4    5 326010 405997
4    6 328055 408657
4    7 330100 411292
4    8 332274 414032
4    9 334319 416650
4   10 326043 405981
1 14 12 10 17 56 12 26    2    0 305.70 306.76 261.38 251.46 191.20 157.59 457873 554340 558705 648383
2    1 14 12 10 17 56 12 26   0.232   0.0017  11.04  12.24  -1.00 326010 405997
2    2 14 12 10 17 56 32 18   0.233   0.0016  11.04  12.22  -1.00 326010 405989
3 14 12 10 17 56 12 26 10 191.23 157.72 1.000 1.000   0.229   0.0014  10.88  12.05
4    1 334279 416642
4    2 332202 414007
4    3 330019 411348
4    4 327845 408851
4    5 326010 405997
4    6 328063 408689
4    7 330084 411316
4    8 332274 414040
4    9 334328 416594
4   10 326010 405989
1 14 12 10 17 57 04 57    2    0 305.70 306.76 261.38 251.45 191.20 157.59 457889 554413 558762 648480
2    1 14 12 10 17 57 04 57   0.240   0.0015  11.06  12.12  -1.00 326035 405997
2    2 14 12 10 17 57 24 53   0.240   0.0015  11.06  12.12  -1.00 326035 405997
3 14 12 10 17 57 04 57 10 191.38 157.72 1.000 1.000   0.227   0.0013  10.81  11.98
4    1 334287 416610
4    2 332266 414015
4    3 330076 411389
4    4 327861 408746
4    5 326035 405997
4    6 328039 408721
4    7 330116 411300
4    8 332218 414007
4    9 334190 416448
4   10 326035 405997
1 14 12 10 17 57 56 81    2    0 305.69 306.76 261.38 251.42 191.20 157.59 457848 554413 558762 648505
2    1 14 12 10 17 57 56 81   0.242   0.0016  11.15  12.22  -1.00 326043 406054
2    2 14 12 10 17 58 16 60   0.246   0.0013  11.09  12.04  -1.00 326010 405949
3 14 12 10 17 57 56 81 10 191.46 157.78 1.000 1.000   0.232   0.0012  10.86  11.97
4    1 334344 416626
4    2 332234 413983
4    3 330003 411267
4    4 327821 408826
4    5 326043 406054
4    6 327999 408608
4    7 329987 411187
4    8 332169 413935
4    9 334239 416432
4   10 326010 405949
1 14 12 10 17 58 48 84    2    0 305.69 306.76 261.38 251.38 191.20 157.59 457832 554405 558762 648367
2    1 14 12 10 17 58 48 84   0.250   0.0013  11.15  12.06  -1.00 326027 405957
2    2 14 12 10 17 59 08 67   0.245   0.0012  11.05  11.99  -1.00 325970 405917
3 14 12 10 17 58 48 84 10 191.48 157.47 1.000 1.000   0.229   0.0013  10.86  12.02
4    1 334263 416659
4    2 332226 414007
4    3 329995 411154
4    4 327764 408705
4    5 326027 405957
4    6 327950 408503
4    7 329995 411162
4    8 332186 413870
4    9 334206 416335
4   10 325970 405917
1 14 12 10 17 59 40 71    2    0 305.70 306.76 261.37 251.35 191.20 157.59 457856 554365 558721 648375
2    1 14 12 10 17 59 40 71   0.234   0.0016  11.04  12.20  -1.00 325994 406005
2    2 14 12 10 18 00 00 51   0.238   0.0015  11.06  12.16  -1.00 326002 405981
3 14 12 10 17 59 40 71 10 191.36 157.69 1.000 1.000   0.227   0.0012  10.80  11.96
4    1 334198 416545
4    2 332226 413983
4    3 329995 411292
4    4 327780 408713
4    5 325994 406005
4    6 327991 408592
4    7 330003 411219
4    8 332129 413918
4    9 334174 416416
4   10 326002 405981
