0 1 020 4.16 06 06 09
0 2 14 10 06 191.828 156.430 290.000  -0.011   0.000 0.00164 0.00217 1   14   50  500 3.00
0 3 1000 1000 1000 0100 0010  19.350  23.400  30.150  41.850  90.000 138.150 149.850 156.600 160.650  90.000 180.000   0.998   0.100
0 4 1000 1000 1000 0100 0001  90.000 180.000
0 5  0.2127E-01 0.2119E+02 -.1264E+02 0.60048E-01 -.1420E-01 -.1135E+00 0.5016E+00 0.21651E-02 255.160 253.165   2.750
0 6 0000   1.000 223.150
1 14 10 06 08 00 40 00    1    0 305.78 306.89 275.39 271.01 191.99 156.43 467357 562296 568115 655392
2    1 14 10 06 08 00 40 00   0.443   0.0043  14.68  14.44  -1.00 330699 407421
1 14 10 06 08 01 00 00    1    0 305.78 306.89 275.39 270.98 191.99 156.43 467316 562320 568171 655352
2    1 14 10 06 08 01 00 00   0.437   0.0045  14.68  14.55  -1.00 330650 407510
1 14 10 06 08 01 20 00    1    0 305.78 306.88 275.38 270.98 191.99 156.43 467365 562344 568171 655328
2    1 14 10 06 08 01 20 00   0.440   0.0077  15.76  16.29  -1.00 331272 408577
1 14 10 06 08 01 40 00    1    0 305.77 306.88 275.38 270.99 191.99 156.43 467333 562352 568180 655408
2    1 14 10 06 08 01 40 00   0.464   0.0065  15.69  15.72  -1.00 331200 408245
1 14 10 06 08 02 00 00    1    0 305.78 306.88 275.37 271.01 191.99 156.43 467349 562312 568220 655417
2    1 14 10 06 08 02 00 00   0.456   0.0042  14.82  14.44  -1.00 330763 407445
1 14 10 06 08 02 20 00    1    0 305.78 306.88 275.37 271.01 191.99 156.43 467308 562255 568163 655417
2    1 14 10 06 08 02 20 00   0.435   0.0030  14.17  13.74  -1.00 330375 406960
1 14 10 06 08 02 40 00    1    0 305.77 306.88 275.37 271.00 191.99 156.43 467341 562272 568212 655320
2    1 14 10 06 08 02 40 00   0.427   0.0025  13.87  13.40  -1.00 330254 406782
1 14 10 06 08 03 00 00    1    0 305.78 306.88 275.36 271.01 191.99 156.43 467341 562377 568042 655408
2    1 14 10 06 08 03 00 00   0.433   0.0022  13.85  13.24  -1.00 330254 406799
1 14 10 06 08 03 20 00    1    0 305.78 306.88 275.36 271.02 191.99 156.43 467373 562272 568115 655319
2    1 14 10 06 08 03 20 00   0.430   0.0027  13.98  13.51  -1.00 330359 406855
1 14 10 06 08 03 40 00    1    0 305.78 306.88 275.35 271.02 191.99 156.43 467300 562296 568058 655295
2    1 14 10 06 08 03 40 00   0.431   0.0031  14.15  13.78  -1.00 330383 407049
1 14 10 06 08 04 00 00    1    0 305.78 306.88 275.34 271.01 191.99 156.43 467292 562296 568083 655328
2    1 14 10 06 08 04 00 00   0.438   0.0026  14.05  13.49  -1.00 330327 406879
1 14 10 06 08 04 20 00    1    0 305.78 306.88 275.34 271.05 191.99 156.43 467373 562272 568107 655255
2    1 14 10 06 08 04 20 00   0.413   0.0025  13.71  13.39  -1.00 330238 406807
1 14 10 06 08 04 40 00    1    0 305.78 306.88 275.33 271.07 191.99 156.43 467316 562239 568163 655263
2    1 14 10 06 08 04 40 00   0.420   0.0021  13.67  13.18  -1.00 330157 406653
1 14 10 06 08 05 00 00    1    0 305.78 306.88 275.32 271.06 191.99 156.43 467308 562239 568074 655360
2    1 14 10 06 08 05 00 00   0.420   0.0022  13.67  13.20  -1.00 330157 406661
1 14 10 06 08 05 20 00    1    0 305.78 306.89 275.32 271.02 191.99 156.43 467357 562336 568091 655263
2    1 14 10 06 08 05 20 00   0.427   0.0018  13.64  13.01  -1.00 330197 406661
1 14 10 06 08 05 40 00    1    0 305.78 306.88 275.31 271.02 191.99 156.43 467341 562288 568058 655214
2    1 14 10 06 08 05 40 00   0.420   0.0020  13.62  13.11  -1.00 330181 406685
1 14 10 06 08 06 00 00    1    0 305.78 306.89 275.30 271.02 191.99 156.43 467292 562304 568058 655271
2    1 14 10 06 08 06 00 00   0.425   0.0020  13.69  13.12  -1.00 330173 406718
1 14 10 06 08 06 20 00    1    0 305.78 306.89 275.30 271.04 191.99 156.43 467316 562352 568083 655271
2    1 14 10 06 08 06 20 00   0.427   0.0019  13.70  13.11  -1.00 330206 406766
1 14 10 06 08 06 40 00    1    0 305.78 306.89 275.30 271.05 191.99 156.43 467268 562320 568131 655271
2    1 14 10 06 08 06 40 00   0.435   0.0019  13.78  13.09  -1.00 330197 406734
1 14 10 06 08 07 00 00    1    0 305.78 306.89 275.30 271.09 191.99 156.43 467284 562255 568123 655271
2    1 14 10 06 08 07 00 00   0.425   0.0022  13.74  13.21  -1.00 330189 406742
1 14 10 06 08 07 20 00    1    0 305.78 306.89 275.28 271.13 191.99 156.43 467300 562352 568107 655320
2    1 14 10 06 08 07 20 00   0.439   0.0017  13.79  13.03  -1.00 330238 406742
1 14 10 06 08 07 40 00    1    0 305.78 306.89 275.28 271.13 191.99 156.43 467316 562296 568180 655295
2    1 14 10 06 08 07 40 00   0.430   0.0028  14.01  13.58  -1.00 330367 407017
1 14 10 06 08 08 00 00    1    0 305.78 306.89 275.28 271.14 191.99 156.43 467292 562280 568042 655271
2    1 14 10 06 08 08 00 00   0.432   0.0034  14.25  13.93  -1.00 330472 407211
1 14 10 06 08 08 20 00    1    0 305.78 306.89 275.27 271.10 191.99 156.43 467276 562272 568042 655255
2    1 14 10 06 08 08 20 00   0.432   0.0032  14.19  13.84  -1.00 330432 407154
1 14 10 06 08 08 40 00    1    0 305.78 306.89 275.27 271.08 191.99 156.43 467284 562239 568050 655271
2    1 14 10 06 08 08 40 00   0.433   0.0024  13.94  13.40  -1.00 330311 406863
1 14 10 06 08 09 00 00    1    0 305.78 306.89 275.26 271.09 191.99 156.43 467276 562328 568042 655287
2    1 14 10 06 08 09 00 00   0.440   0.0012  13.61  12.70  -1.00 330133 406548
1 14 10 06 08 09 20 00    1    0 305.78 306.89 275.26 271.15 191.99 156.43 467276 562288 568042 655287
2    1 14 10 06 08 09 20 00   0.425   0.0012  13.43  12.68  -1.00 330044 406499
1 14 10 06 08 09 40 00    1    0 305.78 306.89 275.25 271.15 191.99 156.43 467252 562255 568058 655328
2    1 14 10 06 08 09 40 00   0.432   0.0012  13.53  12.73  -1.00 330076 406491
1 14 10 06 08 10 00 00    1    0 305.78 306.89 275.25 271.15 191.99 156.43 467236 562255 568034 655206
2    1 14 10 06 08 10 00 00   0.425   0.0021  13.72  13.19  -1.00 330165 406774
1 14 10 06 08 10 20 00    1    0 305.78 306.89 275.24 271.14 191.99 156.43 467252 562183 568131 655158
2    1 14 10 06 08 10 20 00   0.419   0.0021  13.64  13.16  -1.00 330133 406693
1 14 10 06 08 10 40 00    1    0 305.78 306.90 275.24 271.11 191.99 156.43 467300 562207 568131 655303
2    1 14 10 06 08 10 40 00   0.427   0.0020  13.73  13.16  -1.00 330230 406710
1 14 10 06 08 11 00 00    1    0 305.78 306.90 275.23 271.09 191.99 156.43 467236 562352 568066 655263
2    1 14 10 06 08 11 00 00   0.455   0.0016  13.94  12.97  -1.00 330278 406758
1 14 10 06 08 11 20 00    1    0 305.78 306.90 275.23 271.08 191.99 156.43 467252 562272 568058 655206
2    1 14 10 06 08 11 20 00   0.435   0.0019  13.78  13.11  -1.00 330214 406766
1 14 10 06 08 11 40 00    1    0 305.78 306.91 275.23 271.11 191.99 156.43 467284 562264 568018 655271
2    1 14 10 06 08 11 40 00   0.439   0.0018  13.82  13.08  -1.00 330270 406742
1 14 10 06 08 12 00 00    1    0 305.78 306.91 275.22 271.14 191.99 156.43 467211 562239 568066 655336
2    1 14 10 06 08 12 00 00   0.438   0.0020  13.86  13.15  -1.00 330214 406758
1 14 10 06 08 12 20 00    1    0 305.78 306.91 275.21 271.09 191.99 156.43 467260 562312 568058 655231
2    1 14 10 06 08 12 20 00   0.432   0.0020  13.79  13.15  -1.00 330230 406839
1 14 10 06 08 12 40 00    1    0 305.78 306.91 275.21 271.07 191.99 156.43 467268 562247 568002 655158
2    1 14 10 06 08 12 40 00   0.429   0.0028  13.99  13.56  -1.00 330351 407025
1 14 10 06 08 13 00 00    1    0 305.78 306.91 275.20 271.04 191.99 156.43 467276 562239 567969 655142
2    1 14 10 06 08 13 00 00   0.423   0.0053  14.74  14.92  -1.00 330763 407841
1 14 10 06 08 13 20 00    1    0 305.78 306.91 275.20 271.06 191.99 156.43 467227 562255 567986 655223
2    1 14 10 06 08 13 20 00   0.431   0.0071  15.44  15.94  -1.00 331087 408463
1 14 10 06 08 13 40 00    1    0 305.78 306.91 275.19 271.10 191.99 156.43 467292 562264 568083 655263
2    1 14 10 06 08 13 40 00   0.437   0.0068  15.44  15.81  -1.00 331151 408399
1 14 10 06 08 14 00 00    1    0 305.78 306.91 275.19 271.11 191.99 156.43 467292 562272 568131 655279
2    1 14 10 06 08 14 00 00   0.434   0.0030  14.13  13.70  -1.00 330464 407154
1 14 10 06 08 14 20 00    1    0 305.78 306.91 275.18 271.11 191.99 156.43 467316 562304 568058 655271
2    1 14 10 06 08 14 20 00   0.426   0.0028  13.96  13.56  -1.00 330408 407114
1 14 10 06 08 14 40 00    1    0 305.78 306.91 275.18 271.11 191.99 156.43 467236 562239 568083 655279
2    1 14 10 06 08 14 40 00   0.422   0.0042  14.40  14.36  -1.00 330553 407518
1 14 10 06 08 15 00 00    1    0 305.78 306.91 275.17 271.13 191.99 156.43 467268 562288 568058 655295
2    1 14 10 06 08 15 00 00   0.440   0.0058  15.16  15.29  -1.00 330990 408124
1 14 10 06 08 15 20 00    1    0 305.78 306.91 275.17 271.17 191.99 156.43 467292 562231 567994 655247
2    1 14 10 06 08 15 20 00   0.422   0.0079  15.59  16.35  -1.00 331248 408698
1 14 10 06 08 15 40 00    1    0 305.78 306.91 275.16 271.17 191.99 156.43 467268 562231 568074 655303
2    1 14 10 06 08 15 40 00   0.439   0.0080  15.85  16.45  -1.00 331361 408754
1 14 10 06 08 16 00 00    1    0 305.78 306.91 275.16 271.16 191.99 156.43 467260 562255 568042 655231
2    1 14 10 06 08 16 00 00   0.433   0.0075  15.63  16.20  -1.00 331240 408633
1 14 10 06 08 16 20 00    1    0 305.78 306.91 275.15 271.14 191.99 156.43 467276 562231 568107 655166
2    1 14 10 06 08 16 20 00   0.429   0.0081  15.77  16.51  -1.00 331329 408803
1 14 10 06 08 16 40 00    1    0 305.78 306.91 275.15 271.13 191.99 156.43 467284 562280 568099 655190
2    1 14 10 06 08 16 40 00   0.420   0.0086  15.81  16.76  -1.00 331361 409005
1 14 10 06 08 17 00 00    1    0 305.78 306.91 275.15 271.13 191.99 156.43 467203 562231 568066 655222
2    1 14 10 06 08 17 00 00   0.446   0.0070  15.60  15.92  -1.00 331167 408463
1 14 10 06 08 17 20 00    1    0 305.78 306.91 275.14 271.13 191.99 156.43 467284 562150 568058 655150
2    1 14 10 06 08 17 20 00   0.422   0.0057  14.88  15.17  -1.00 330876 407938
1 14 10 06 08 17 40 00    1    0 305.78 306.91 275.14 271.13 191.99 156.43 467163 562215 567969 655182
2    1 14 10 06 08 17 40 00   0.446   0.0041  14.65  14.34  -1.00 330634 407518
1 14 10 06 08 18 00 00    1    0 305.78 306.92 275.13 271.14 191.99 156.43 467171 562142 568058 655223
2    1 14 10 06 08 18 00 00   0.438   0.0033  14.30  13.90  -1.00 330456 407178
1 14 10 06 08 18 20 00    1    0 305.78 306.92 275.13 271.15 191.99 156.43 467179 562191 568026 655174
2    1 14 10 06 08 18 20 00   0.433   0.0036  14.32  14.03  -1.00 330472 407308
1 14 10 06 08 18 40 00    1    0 305.78 306.93 275.12 271.15 191.99 156.43 467195 562215 567953 655166
2    1 14 10 06 08 18 40 00   0.438   0.0042  14.57  14.36  -1.00 330626 407534
1 14 10 06 08 19 00 00    1    0 305.78 306.93 275.12 271.15 191.99 156.43 467211 562134 568026 655198
2    1 14 10 06 08 19 00 00   0.438   0.0040  14.52  14.27  -1.00 330618 407397
1 14 10 06 08 19 20 00    1    0 305.78 306.93 275.12 271.14 191.99 156.43 467114 562175 567929 655158
2    1 14 10 06 08 19 20 00   0.440   0.0047  14.80  14.69  -1.00 330666 407688
1 14 10 06 08 19 40 00    1    0 305.78 306.93 275.11 271.09 191.99 156.43 467187 562175 568026 655134
2    1 14 10 06 08 19 40 00   0.442   0.0017  13.83  13.03  -1.00 330230 406710
1 14 10 06 08 20 00 00    1    0 305.79 306.93 275.11 271.09 191.99 156.43 467171 562167 567937 655174
2    1 14 10 06 08 20 00 00   0.432   0.0014  13.59  12.83  -1.00 330092 406588
1 14 10 06 08 20 20 00    1    0 305.79 306.93 275.10 271.11 191.99 156.43 467219 562134 567978 655166
2    1 14 10 06 08 20 20 00   0.408   0.0014  13.27  12.75  -1.00 329979 406508
1 14 10 06 08 20 40 00    1    0 305.78 306.94 275.10 271.11 191.99 156.43 467179 562175 567986 655198
2    1 14 10 06 08 20 40 00   0.423   0.0011  13.37  12.63  -1.00 329995 406475
1 14 10 06 08 21 00 00    1    0 305.79 306.93 275.09 271.09 191.99 156.43 467179 562142 567953 655271
2    1 14 10 06 08 21 00 00   0.419   0.0011  13.32  12.63  -1.00 329971 406435
1 14 10 06 08 21 20 00    1    0 305.78 306.93 275.09 271.06 191.99 156.43 467187 562094 568058 655182
2    1 14 10 06 08 21 20 00   0.420   0.0016  13.48  12.87  -1.00 330060 406524
1 14 10 06 08 21 40 00    1    0 305.78 306.93 275.08 271.05 191.99 156.43 467098 562110 567937 655142
2    1 14 10 06 08 21 40 00   0.436   0.0018  13.76  13.03  -1.00 330117 406637
1 14 10 06 08 22 00 00    1    0 305.78 306.93 275.08 271.03 192.00 156.43 467147 562078 567953 655085
2    1 14 10 06 08 22 00 00   0.423   0.0051  14.69  14.83  -1.00 330658 407679
1 14 10 06 08 22 20 00    1    0 305.78 306.93 275.07 271.04 192.00 156.43 467122 562126 567856 655142
2    1 14 10 06 08 22 20 00   0.444   0.0055  15.09  15.11  -1.00 330852 407890
1 14 10 06 08 22 40 00    1    0 305.78 306.92 275.07 271.04 192.00 156.43 467122 562110 567953 655158
2    1 14 10 06 08 22 40 00   0.431   0.0066  15.30  15.70  -1.00 330957 408221
1 14 10 06 08 23 00 00    1    0 305.78 306.92 275.07 271.02 192.00 156.43 467227 562150 567994 655134
2    1 14 10 06 08 23 00 00   0.428   0.0042  14.47  14.37  -1.00 330634 407477
1 14 10 06 08 23 20 00    1    0 305.78 306.91 275.07 271.02 192.00 156.43 467187 562142 568034 655295
2    1 14 10 06 08 23 20 00   0.421   0.0050  14.64  14.79  -1.00 330682 407712
1 14 10 06 08 23 40 00    1    0 305.78 306.92 275.06 271.04 192.00 156.43 467211 562175 568026 655223
2    1 14 10 06 08 23 40 00   0.435   0.0052  14.87  14.91  -1.00 330828 407817
1 14 10 06 08 24 00 00    1    0 305.78 306.91 275.06 271.03 192.00 156.43 467228 562215 568026 655214
2    1 14 10 06 08 24 00 00   0.431   0.0054  14.88  15.01  -1.00 330852 407914
1 14 10 06 08 24 20 00    1    0 305.78 306.91 275.06 271.05 192.00 156.43 467236 562223 567994 655255
2    1 14 10 06 08 24 20 00   0.420   0.0048  14.54  14.64  -1.00 330682 407704
1 14 10 06 08 24 40 00    1    0 305.78 306.91 275.05 271.07 192.00 156.43 467179 562183 567961 655134
2    1 14 10 06 08 24 40 00   0.455   0.0079  16.04  16.48  -1.00 331418 408762
1 14 10 06 08 25 00 00    1    0 305.78 306.91 275.05 271.11 192.00 156.43 467171 562142 567961 655174
2    1 14 10 06 08 25 00 00   0.441   0.0080  15.87  16.45  -1.00 331321 408706
1 14 10 06 08 25 20 00    1    0 305.78 306.91 275.05 271.09 192.00 156.43 467179 562086 567986 655142
2    1 14 10 06 08 25 20 00   0.430   0.0063  15.19  15.53  -1.00 330973 408100
1 14 10 06 08 25 40 00    1    0 305.78 306.91 275.05 271.08 192.00 156.43 467147 562150 567937 655126
2    1 14 10 06 08 25 40 00   0.438   0.0036  14.40  14.06  -1.00 330529 407300
1 14 10 06 08 26 00 00    1    0 305.78 306.92 275.04 271.09 192.00 156.43 467203 562094 567953 655158
2    1 14 10 06 08 26 00 00   0.432   0.0106  16.63  17.87  -1.00 331757 409498
1 14 10 06 08 26 20 00    1    0 305.78 306.91 275.04 271.09 192.00 156.43 467171 562142 567994 655158
2    1 14 10 06 08 26 20 00   0.437   0.0126  17.32  18.94  -1.00 332089 410185
1 14 10 06 08 26 40 00    1    0 305.78 306.92 275.04 271.13 192.00 156.43 467187 562207 568034 655182
2    1 14 10 06 08 26 40 00   0.453   0.0124  17.48  18.89  -1.00 332186 410225
1 14 10 06 08 27 00 00    1    0 305.78 306.93 275.04 271.16 192.00 156.43 467292 562175 567961 655223
2    1 14 10 06 08 27 00 00   0.437   0.0118  17.08  18.52  -1.00 332089 409975
1 14 10 06 08 27 20 00    1    0 305.78 306.92 275.04 271.14 192.00 156.43 467147 562094 567969 655231
2    1 14 10 06 08 27 20 00   0.445   0.0125  17.42  18.94  -1.00 332121 410128
1 14 10 06 08 27 40 00    1    0 305.78 306.93 275.03 271.14 192.00 156.43 467155 562167 567969 655182
2    1 14 10 06 08 27 40 00   0.461   0.0090  16.46  17.05  -1.00 331628 409086
1 14 10 06 08 28 00 00    1    0 305.78 306.93 275.03 271.17 192.00 156.43 467195 562191 568010 655214
2    1 14 10 06 08 28 00 00   0.436   0.0091  16.19  17.08  -1.00 331523 409126
1 14 10 06 08 28 20 00    1    0 305.78 306.93 275.03 271.15 192.00 156.43 467130 562142 567872 655142
2    1 14 10 06 08 28 20 00   0.441   0.0101  16.58  17.62  -1.00 331668 409401
1 14 10 06 08 28 40 00    1    0 305.78 306.93 275.03 271.17 192.00 156.43 467171 562070 567986 655150
2    1 14 10 06 08 28 40 00   0.431   0.0106  16.62  17.88  -1.00 331733 409482
1 14 10 06 08 29 00 00    1    0 305.78 306.93 275.02 271.20 192.00 156.43 467171 562053 567889 655134
2    1 14 10 06 08 29 00 00   0.436   0.0096  16.35  17.34  -1.00 331596 409142
1 14 10 06 08 29 20 00    1    0 305.78 306.94 275.03 271.20 192.00 156.43 467114 562078 567913 655134
2    1 14 10 06 08 29 20 00   0.443   0.0071  15.60  15.97  -1.00 331143 408350
1 14 10 06 08 29 40 00    1    0 305.78 306.94 275.02 271.15 192.00 156.43 467098 562053 567889 655085
2    1 14 10 06 08 29 40 00   0.434   0.0062  15.19  15.45  -1.00 330917 408019
1 14 10 06 08 30 00 00    1    0 305.78 306.95 275.02 271.13 192.00 156.43 467114 562118 567953 655150
2    1 14 10 06 08 30 00 00   0.421   0.0023  13.75  13.30  -1.00 330173 406807
1 14 10 06 08 30 20 00    1    0 305.78 306.95 275.02 271.08 192.00 156.43 467155 562183 567921 655158
2    1 14 10 06 08 30 20 00   0.425   0.0011  13.39  12.64  -1.00 330028 406483
1 14 10 06 08 30 40 00    1    0 305.78 306.95 275.02 271.01 192.00 156.43 467147 562158 567961 655158
2    1 14 10 06 08 30 40 00   0.417   0.0012  13.31  12.65  -1.00 329979 406467
1 14 10 06 08 31 00 00    1    0 305.78 306.95 275.02 271.03 192.00 156.43 467155 562167 567986 655117
2    1 14 10 06 08 31 00 00   0.416   0.0012  13.29  12.64  -1.00 329971 406475
1 14 10 06 08 31 20 00    1    0 305.78 306.95 275.02 271.10 192.00 156.43 467106 562070 567897 655101
2    1 14 10 06 08 31 20 00   0.413   0.0015  13.36  12.81  -1.00 329963 406483
1 14 10 06 08 31 40 00    1    0 305.78 306.95 275.02 271.10 192.00 156.43 467130 562045 567881 655069
2    1 14 10 06 08 31 40 00   0.410   0.0015  13.31  12.79  -1.00 329963 406443
1 14 10 06 08 32 00 00    1    0 305.78 306.96 275.02 271.01 192.00 156.43 467082 562053 567905 655020
2    1 14 10 06 08 32 00 00   0.420   0.0016  13.50  12.90  -1.00 330012 406524
1 14 10 06 08 32 20 00    1    0 305.78 306.95 275.02 270.96 192.00 156.43 467130 562150 567913 655142
2    1 14 10 06 08 32 20 00   0.432   0.0008  13.39  12.50  -1.00 330004 406386
1 14 10 06 08 32 40 00    1    0 305.78 306.96 275.02 270.91 192.00 156.43 467106 562183 567913 655085
2    1 14 10 06 08 32 40 00   0.437   0.0010  13.51  12.60  -1.00 330044 406491
1 14 10 06 08 33 00 00    1    0 305.79 306.95 275.02 270.91 192.00 156.43 467090 562053 567929 655093
2    1 14 10 06 08 33 00 00   0.417   0.0015  13.41  12.81  -1.00 329971 406483
1 14 10 06 08 33 20 00    1    0 305.79 306.95 275.02 270.90 192.00 156.43 467042 562021 567945 655085
2    1 14 10 06 08 33 20 00   0.427   0.0015  13.56  12.87  -1.00 329995 406483
1 14 10 06 08 33 40 00    1    0 305.79 306.95 275.01 270.90 192.00 156.43 467130 562150 567937 655053
2    1 14 10 06 08 33 40 00   0.424   0.0012  13.42  12.69  -1.00 330012 406516
1 14 10 06 08 34 00 00    1    0 305.79 306.95 275.01 270.93 192.00 156.43 467090 562045 567921 655125
2    1 14 10 06 08 34 00 00   0.427   0.0015  13.53  12.84  -1.00 330028 406491
1 14 10 06 08 34 20 00    1    0 305.79 306.95 275.01 270.94 192.00 156.43 467082 562134 567913 655125
2    1 14 10 06 08 34 20 00   0.437   0.0012  13.57  12.70  -1.00 330036 406499
1 14 10 06 08 34 40 00    1    0 305.79 306.95 275.01 270.96 192.00 156.43 467058 562061 567937 655101
2    1 14 10 06 08 34 40 00   0.434   0.0013  13.59  12.78  -1.00 330020 406475
1 14 10 06 08 35 00 00    1    0 305.78 306.94 275.01 270.91 192.00 156.43 467155 562167 567969 655093
2    1 14 10 06 08 35 00 00   0.417   0.0015  13.42  12.82  -1.00 330028 406613
1 14 10 06 08 35 20 00    1    0 305.79 306.94 275.01 270.87 192.00 156.43 467082 562102 567961 655134
2    1 14 10 06 08 35 20 00   0.431   0.0016  13.63  12.91  -1.00 330060 406596
1 14 10 06 08 35 40 00    1    0 305.78 306.93 275.01 270.87 192.00 156.43 467106 562110 567921 655109
2    1 14 10 06 08 35 40 00   0.427   0.0018  13.63  13.00  -1.00 330084 406661
1 14 10 06 08 36 00 00    1    0 305.78 306.93 275.01 270.87 192.00 156.43 467147 562053 567969 655077
2    1 14 10 06 08 36 00 00   0.430   0.0022  13.81  13.24  -1.00 330222 406742
1 14 10 06 08 36 20 00    1    0 305.78 306.92 275.01 270.83 192.00 156.43 467106 562183 567897 655174
2    1 14 10 06 08 36 20 00   0.451   0.0024  14.15  13.41  -1.00 330359 406976
1 14 10 06 08 36 40 00    1    0 305.78 306.91 275.01 270.84 192.00 156.43 467171 562126 567937 655166
2    1 14 10 06 08 36 40 00   0.432   0.0021  13.82  13.21  -1.00 330254 406799
1 14 10 06 08 37 00 00    1    0 305.78 306.91 275.01 270.87 192.00 156.43 467098 562191 567978 655077
2    1 14 10 06 08 37 00 00   0.451   0.0016  13.89  12.97  -1.00 330214 406734
1 14 10 06 08 37 20 00    1    0 305.78 306.91 275.01 270.82 192.00 156.43 467228 562110 567872 655166
2    1 14 10 06 08 37 20 00   0.416   0.0029  13.87  13.59  -1.00 330343 407017
1 14 10 06 08 37 40 00    1    0 305.78 306.91 275.02 270.80 192.00 156.43 467130 562150 567978 655166
2    1 14 10 06 08 37 40 00   0.446   0.0019  13.91  13.11  -1.00 330262 406766
1 14 10 06 08 38 00 00    1    0 305.78 306.91 275.02 270.82 192.00 156.43 467131 562191 568026 655150
2    1 14 10 06 08 38 00 00   0.436   0.0029  14.12  13.64  -1.00 330367 407122
1 14 10 06 08 38 20 00    1    0 305.78 306.91 275.02 270.85 192.00 156.43 467082 562021 567921 655150
2    1 14 10 06 08 38 20 00   0.435   0.0031  14.19  13.78  -1.00 330351 407025
1 14 10 06 08 38 40 00    1    0 305.78 306.91 275.02 270.88 192.00 156.43 467163 562102 567994 655117
2    1 14 10 06 08 38 40 00   0.426   0.0036  14.22  13.99  -1.00 330448 407235
1 14 10 06 08 39 00 00    1    0 305.78 306.91 275.02 270.87 192.00 156.43 467131 562175 567953 655109
2    1 14 10 06 08 39 00 00   0.443   0.0024  14.05  13.40  -1.00 330327 406960
1 14 10 06 08 39 20 00    1    0 305.78 306.91 275.02 270.87 192.00 156.43 467034 562142 567897 655198
2    1 14 10 06 08 39 20 00   0.452   0.0014  13.83  12.86  -1.00 330109 406605
1 14 10 06 08 39 40 00    1    0 305.78 306.91 275.02 270.83 192.00 156.43 467058 562102 567897 655109
2    1 14 10 06 08 39 40 00   0.445   0.0015  13.77  12.90  -1.00 330101 406588
1 14 10 06 08 40 00 00    1    0 305.78 306.91 275.02 270.87 192.00 156.43 467139 562053 567889 655069
2    1 14 10 06 08 40 00 00   0.429   0.0020  13.75  13.16  -1.00 330173 406693
1 14 10 06 08 40 20 00    1    0 305.78 306.91 275.02 270.86 192.00 156.43 467139 562078 567921 655077
2    1 14 10 06 08 40 20 00   0.435   0.0017  13.73  12.99  -1.00 330165 406621
1 14 10 06 08 40 40 00    1    0 305.78 306.91 275.02 270.88 192.00 156.43 467098 562086 567945 655109
2    1 14 10 06 08 40 40 00   0.443   0.0022  13.98  13.27  -1.00 330254 406790
1 14 10 06 08 41 00 00    1    0 305.78 306.91 275.02 270.89 192.00 156.43 467147 562094 567961 655101
2    1 14 10 06 08 41 00 00   0.439   0.0020  13.87  13.16  -1.00 330246 406734
1 14 10 06 08 41 20 00    1    0 305.78 306.90 275.02 270.87 192.00 156.43 467155 562102 568010 655174
2    1 14 10 06 08 41 20 00   0.436   0.0016  13.71  12.95  -1.00 330165 406613
1 14 10 06 08 41 40 00    1    0 305.78 306.91 275.02 270.81 192.00 156.43 467139 562126 567961 655117
2    1 14 10 06 08 41 40 00   0.449   0.0014  13.82  12.88  -1.00 330206 406596
1 14 10 06 08 42 00 00    1    0 305.78 306.90 275.02 270.82 192.00 156.43 467114 562126 568002 655134
2    1 14 10 06 08 42 00 00   0.459   0.0013  13.92  12.87  -1.00 330230 406588
1 14 10 06 08 42 20 00    1    0 305.78 306.90 275.02 270.81 192.00 156.43 467155 562199 567945 655223
2    1 14 10 06 08 42 20 00   0.458   0.0012  13.85  12.77  -1.00 330238 406605
1 14 10 06 08 42 40 00    1    0 305.78 306.90 275.02 270.74 192.00 156.43 467195 562102 567969 655190
2    1 14 10 06 08 42 40 00   0.429   0.0018  13.67  13.03  -1.00 330189 406653
1 14 10 06 08 43 00 00    1    0 305.78 306.90 275.02 270.78 192.00 156.43 467203 562183 568010 655174
2    1 14 10 06 08 43 00 00   0.448   0.0013  13.76  12.81  -1.00 330238 406605
1 14 10 06 08 43 20 00    1    0 305.78 306.90 275.02 270.85 192.00 156.43 467147 562126 568026 655247
2    1 14 10 06 08 43 20 00   0.451   0.0015  13.85  12.92  -1.00 330230 406605
1 14 10 06 08 43 40 00    1    0 305.78 306.90 275.02 270.84 192.00 156.43 467139 562158 567994 655190
2    1 14 10 06 08 43 40 00   0.448   0.0014  13.80  12.87  -1.00 330189 406605
1 14 10 06 08 44 00 00    1    0 305.78 306.90 275.02 270.81 192.00 156.43 467195 562183 568050 655158
2    1 14 10 06 08 44 00 00   0.448   0.0014  13.79  12.86  -1.00 330238 406629
1 14 10 06 08 44 20 00    1    0 305.78 306.90 275.02 270.78 192.00 156.43 467147 562158 567969 655231
2    1 14 10 06 08 44 20 00   0.447   0.0016  13.85  12.99  -1.00 330222 406677
1 14 10 06 08 44 40 00    1    0 305.78 306.90 275.03 270.82 192.00 156.43 467155 562094 567986 655125
2    1 14 10 06 08 44 40 00   0.444   0.0017  13.83  13.00  -1.00 330214 406613
1 14 10 06 08 45 00 00    1    0 305.78 306.90 275.02 270.88 192.00 156.43 467219 562167 567953 655093
2    1 14 10 06 08 45 00 00   0.442   0.0015  13.75  12.89  -1.00 330246 406637
1 14 10 06 08 45 20 00    1    0 305.78 306.89 275.02 270.89 192.00 156.43 467179 562110 567969 655166
2    1 14 10 06 08 45 20 00   0.448   0.0016  13.85  12.97  -1.00 330262 406621
1 14 10 06 08 45 40 00    1    0 305.78 306.90 275.03 270.92 192.00 156.43 467147 562150 567986 655166
2    1 14 10 06 08 45 40 00   0.448   0.0015  13.81  12.91  -1.00 330206 406621
1 14 10 06 08 46 00 00    1    0 305.78 306.90 275.02 270.94 192.00 156.43 467195 562102 567969 655263
2    1 14 10 06 08 46 00 00   0.439   0.0017  13.79  13.03  -1.00 330246 406637
1 14 10 06 08 46 20 00    1    0 305.78 306.90 275.02 270.95 192.00 156.43 467195 562199 568026 655142
2    1 14 10 06 08 46 20 00   0.443   0.0015  13.75  12.88  -1.00 330222 406653
1 14 10 06 08 46 40 00    1    0 305.78 306.90 275.02 270.95 192.00 156.43 467122 562167 567953 655214
2    1 14 10 06 08 46 40 00   0.460   0.0014  13.96  12.91  -1.00 330262 406637
1 14 10 06 08 47 00 00    1    0 305.78 306.89 275.02 270.96 192.00 156.43 467179 562126 567953 655061
2    1 14 10 06 08 47 00 00   0.441   0.0018  13.83  13.07  -1.00 330254 406693
1 14 10 06 08 47 20 00    1    0 305.78 306.90 275.02 270.98 192.00 156.43 467163 562126 567961 655109
2    1 14 10 06 08 47 20 00   0.443   0.0018  13.85  13.05  -1.00 330246 406685
1 14 10 06 08 47 40 00    1    0 305.78 306.90 275.02 270.98 192.00 156.43 467147 562126 567905 655093
2    1 14 10 06 08 47 40 00   0.453   0.0018  13.99  13.09  -1.00 330311 406718
1 14 10 06 08 48 00 00    1    0 305.78 306.90 275.02 270.99 192.00 156.43 467187 562086 567986 655150
2    1 14 10 06 08 48 00 00   0.436   0.0019  13.80  13.11  -1.00 330254 406685
1 14 10 06 08 48 20 00    1    0 305.78 306.90 275.02 270.96 192.00 156.43 467155 562126 567977 655190
2    1 14 10 06 08 48 20 00   0.439   0.0020  13.88  13.17  -1.00 330262 406758
1 14 10 06 08 48 40 00    1    0 305.78 306.90 275.02 270.96 192.00 156.43 467098 562142 567977 655182
2    1 14 10 06 08 48 40 00   0.459   0.0018  14.07  13.12  -1.00 330303 406742
1 14 10 06 08 49 00 00    1    0 305.78 306.90 275.01 270.98 192.00 156.43 467131 562086 567913 655101
2    1 14 10 06 08 49 00 00   0.443   0.0021  13.97  13.26  -1.00 330286 406774
1 14 10 06 08 49 20 00    1    0 305.78 306.90 275.02 270.98 192.00 156.43 467122 562070 567929 655166
2    1 14 10 06 08 49 20 00   0.439   0.0024  14.02  13.41  -1.00 330303 406839
1 14 10 06 08 49 40 00    1    0 305.78 306.90 275.02 270.98 192.00 156.43 467147 562126 568002 655142
2    1 14 10 06 08 49 40 00   0.443   0.0021  13.96  13.24  -1.00 330294 406790
1 14 10 06 08 50 00 00    1    0 305.78 306.91 275.01 270.98 192.00 156.43 467171 562126 567953 655101
2    1 14 10 06 08 50 00 00   0.441   0.0019  13.88  13.14  -1.00 330278 406742
1 14 10 06 08 50 20 00    1    0 305.78 306.90 275.02 270.99 192.00 156.43 467147 562110 567969 655093
2    1 14 10 06 08 50 20 00   0.442   0.0023  14.01  13.33  -1.00 330319 406839
1 14 10 06 08 50 40 00    1    0 305.78 306.91 275.01 270.99 192.00 156.43 467219 562110 568002 655142
2    1 14 10 06 08 50 40 00   0.424   0.0029  13.98  13.64  -1.00 330383 407025
1 14 10 06 08 51 00 00    1    0 305.78 306.91 275.01 271.00 192.00 156.43 467139 562110 567994 655198
2    1 14 10 06 08 51 00 00   0.452   0.0027  14.28  13.60  -1.00 330456 406992
1 14 10 06 08 51 20 00    1    0 305.78 306.91 275.01 271.02 192.00 156.43 467171 562086 567929 655117
2    1 14 10 06 08 51 20 00   0.440   0.0034  14.33  13.92  -1.00 330521 407162
1 14 10 06 08 51 40 00    1    0 305.78 306.91 275.01 271.01 192.00 156.43 467155 562078 568034 655117
2    1 14 10 06 08 51 40 00   0.449   0.0029  14.29  13.68  -1.00 330480 407009
1 14 10 06 08 52 00 00    1    0 305.78 306.91 275.01 271.02 192.00 156.43 467130 562142 567929 655117
2    1 14 10 06 08 52 00 00   0.461   0.0032  14.57  13.92  -1.00 330602 407219
1 14 10 06 08 52 20 00    1    0 305.79 306.91 275.01 271.03 192.00 156.43 467131 562126 567969 655174
2    1 14 10 06 08 52 20 00   0.462   0.0033  14.61  13.95  -1.00 330618 407219
1 14 10 06 08 52 40 00    1    0 305.79 306.91 275.01 271.02 192.00 156.43 467179 562110 568002 655158
2    1 14 10 06 08 52 40 00   0.457   0.0051  15.13  14.92  -1.00 330941 407776
1 14 10 06 08 53 00 00    1    0 305.79 306.90 275.02 271.05 192.00 156.43 467139 562142 567929 655150
2    1 14 10 06 08 53 00 00   0.457   0.0057  15.33  15.27  -1.00 331006 408011
1 14 10 06 08 53 20 00    1    0 305.79 306.91 275.02 271.02 192.00 156.43 467171 562134 567969 655158
2    1 14 10 06 08 53 20 00   0.460   0.0056  15.33  15.21  -1.00 331038 407970
1 14 10 06 08 53 40 00    1    0 305.78 306.91 275.02 271.01 192.00 156.43 467211 562062 567905 655117
2    1 14 10 06 08 53 40 00   0.443   0.0040  14.58  14.26  -1.00 330690 407332
1 14 10 06 08 54 00 00    1    0 305.79 306.91 275.02 271.01 192.00 156.43 467147 562110 567969 655239
2    1 14 10 06 08 54 00 00   0.457   0.0029  14.40  13.69  -1.00 330529 407033
1 14 10 06 08 54 20 00    1    0 305.78 306.91 275.02 271.00 192.00 156.43 467090 562142 567994 655077
2    1 14 10 06 08 54 20 00   0.459   0.0033  14.58  13.97  -1.00 330561 407235
1 14 10 06 08 54 40 00    1    0 305.79 306.91 275.03 270.98 192.00 156.43 467163 562110 567937 655198
2    1 14 10 06 08 54 40 00   0.449   0.0033  14.44  13.93  -1.00 330561 407170
1 14 10 06 08 55 00 00    1    0 305.80 306.91 275.03 270.92 192.00 156.43 467171 562134 567961 655150
2    1 14 10 06 08 55 00 00   0.450   0.0035  14.50  14.01  -1.00 330602 407243
1 14 10 06 08 55 20 00    1    0 305.79 306.91 275.03 270.87 192.00 156.43 467211 562078 567913 655117
2    1 14 10 06 08 55 20 00   0.434   0.0040  14.48  14.27  -1.00 330634 407340
1 14 10 06 08 55 40 00    1    0 305.79 306.91 275.04 270.81 192.00 156.43 467098 562094 567921 655053
2    1 14 10 06 08 55 40 00   0.454   0.0049  15.02  14.81  -1.00 330804 407679
1 14 10 06 08 56 00 00    1    0 305.79 306.91 275.03 270.75 192.00 156.43 467139 562118 567953 655109
2    1 14 10 06 08 56 00 00   0.461   0.0058  15.42  15.34  -1.00 331054 408019
1 14 10 06 08 56 20 00    1    0 305.79 306.91 275.04 270.71 192.00 156.43 467155 562158 567929 655158
2    1 14 10 06 08 56 20 00   0.457   0.0062  15.50  15.54  -1.00 331111 408181
1 14 10 06 08 56 40 00    1    0 305.79 306.92 275.04 270.70 192.00 156.43 467187 562159 567977 655158
2    1 14 10 06 08 56 40 00   0.453   0.0087  16.27  16.90  -1.00 331547 408989
1 14 10 06 08 57 00 00    1    0 305.80 306.91 275.04 270.68 192.00 156.43 467171 562110 568010 655166
2    1 14 10 06 08 57 00 00   0.463   0.0069  15.80  15.93  -1.00 331280 408358
1 14 10 06 08 57 20 00    1    0 305.79 306.92 275.04 270.67 192.00 156.43 467228 562061 567969 655142
2    1 14 10 06 08 57 20 00   0.441   0.0061  15.25  15.43  -1.00 331054 408011
1 14 10 06 08 57 40 00    1    0 305.80 306.91 275.05 270.66 192.00 156.43 467163 562086 568066 655214
2    1 14 10 06 08 57 40 00   0.453   0.0048  14.98  14.74  -1.00 330836 407615
1 14 10 06 08 58 00 00    1    0 305.79 306.91 275.05 270.67 192.00 156.43 467155 562199 567945 655174
2    1 14 10 06 08 58 00 00   0.472   0.0043  15.05  14.52  -1.00 330868 407599
1 14 10 06 08 58 20 00    1    0 305.79 306.91 275.05 270.64 192.00 156.43 467163 562183 568002 655190
2    1 14 10 06 08 58 20 00   0.458   0.0048  15.06  14.79  -1.00 330876 407744
1 14 10 06 08 58 40 00    1    0 305.78 306.91 275.05 270.60 192.00 156.43 467187 562199 568010 655109
2    1 14 10 06 08 58 40 00   0.460   0.0039  14.77  14.27  -1.00 330747 407461
1 14 10 06 08 59 00 00    1    0 305.78 306.91 275.05 270.59 192.00 156.43 467219 562167 568002 655109
2    1 14 10 06 08 59 00 00   0.452   0.0044  14.85  14.55  -1.00 330820 407599
1 14 10 06 08 59 20 00    1    0 305.78 306.91 275.05 270.57 192.00 156.43 467219 562191 568074 655166
2    1 14 10 06 08 59 20 00   0.460   0.0039  14.77  14.28  -1.00 330779 407469
1 14 10 06 08 59 40 00    1    0 305.78 306.91 275.06 270.56 192.00 156.43 467228 562191 568042 655231
2    1 14 10 06 08 59 40 00   0.445   0.0037  14.51  14.13  -1.00 330650 407372
1 14 10 06 09 00 00 00    1    0 305.78 306.91 275.06 270.56 192.00 156.43 467203 562215 568026 655295
2    1 14 10 06 09 00 00 00   0.462   0.0047  15.06  14.71  -1.00 330909 407736
