"TOA5","SKY_CR3000","CR3000","8097","CR3000.Std.25","CPU:NSAC1_SKY_140902.CR3","57942","Table213"
"TIMESTAMP","RECORD","PIR1_Wm2_Avg","PIR2_Wm2_Avg","BW_DD_Wm2_Avg","NIP_Wm2_Avg","PSPDS_Wm2_Avg","IRT_K_Avg","PIR1_Wm2_Std","PIR2_Wm2_Std","BW_DD_Wm2_Std","NIP_Wm2_Std","PSPDS_Wm2_Std","IRT_K_Std","PIR1_Wm2_Max","PIR2_Wm2_Max","BW_DD_Wm2_Max","NIP_Wm2_Max","PSPDS_Wm2_Max","IRT_K_Max","PIR1_Wm2_Min","PIR2_Wm2_Min","BW_DD_Wm2_Min","NIP_Wm2_Min","PSPDS_Wm2_Min","IRT_K_Min","SAMP20(1)","SAMP20(2)","SAMP20(3)","SAMP20(4)","SAMP20(5)","SAMP20(6)","SAMP20(7)","SAMP20(8)","SAMP20(9)","SAMP20(10)","SAMP40(1)","SAMP40(2)","SAMP40(3)","SAMP40(4)","SAMP40(5)","SAMP40(6)","SAMP40(7)","SAMP40(8)","SAMP40(9)","SAMP40(10)","Dome1_R_O","Case1_R_O","Dome2_R_O","Case2_R_O","Net1_mV","Net2_mV","BW_DD_mV","NIP_mV","PSPDS_mV","IRT_V","Batt_V_Min","CR3Temp_C_Avg"
"TS","RN","","","","","","","","","","","","","","","","","","","","","","","","","","","","","","","","","","","","","","","","","","","","","","","","","","","","","","","",""
"","","Avg","Avg","Avg","Avg","Avg","Avg","Std","Std","Std","Std","Std","Std","Max","Max","Max","Max","Max","Max","Min","Min","Min","Min","Min","Min","Smp","Smp","Smp","Smp","Smp","Smp","Smp","Smp","Smp","Smp","Smp","Smp","Smp","Smp","Smp","Smp","Smp","Smp","Smp","Smp","Smp","Smp","Smp","Smp","Smp","Smp","Smp","Smp","Smp","Smp","Min","Avg"
"2014-10-06 08:00:00",46607,244.2899,242.876,0.3992904,1.268662,-2.965527,241.4667,1.486,1.526,0.038,0.034,0.049,8.65,246.7,245.3,0.453,1.373,-2.85,256.1,241.6,240,0.34,1.206,-3.043,230.9,33.2388,33.04408,33.69954,33.43257,-0.2433093,-0.2562902,0.003661289,0.009985332,-0.02596186,2.406377,33.2388,33.04642,33.67799,33.43257,-0.2363195,-0.2483019,0.003328444,0.01031818,-0.02529618,2.870991,33.21055,33.04642,33.6708,33.43494,-0.228997,-0.241645,0.0029956,0.01098387,-0.02496333,3.186975,13.26,8.31
"2014-10-06 08:01:00",46608,248.7227,247.4266,0.2487703,1.440595,-2.693377,248.0129,0.992,1.015,0.04,0.077,0.102,6.311,250.1,248.9,0.34,1.581,-2.542,257.5,246.8,245.4,0.189,1.331,-2.85,239.7,33.18011,33.0442,33.63027,33.43506,-0.2216749,-0.2336573,0.001997071,0.01098389,-0.02396485,3.023348,33.15898,33.03953,33.58492,33.43269,-0.2170151,-0.2273332,0.001664226,0.01164958,-0.02296632,2.78209,33.17118,33.03298,33.60687,33.42368,-0.2150175,-0.2250028,0.001997066,0.01264809,-0.02196773,2.692515,13.26,8.28
"2014-10-06 08:02:00",46609,251.2699,250.1117,0.2210595,1.629165,-2.564361,257.2192,0.58,0.624,0.013,0.04,0.025,2.702,252.1,251,0.227,1.705,-2.542,259.8,250.2,248.9,0.189,1.539,-2.619,245.5,33.17118,33.02597,33.61403,33.41894,-0.2120219,-0.22234,0.001997066,0.01298093,-0.02196773,3.266336,33.14808,33.01933,33.61441,33.40982,-0.2086948,-0.2196787,0.001997079,0.01298101,-0.02230072,3.290516,33.15277,33.00765,33.59053,33.40034,-0.2080291,-0.2176816,0.001997079,0.01364671,-0.02230072,3.091406,13.26,8.25
"2014-10-06 08:03:00",46610,252.2031,251.0712,0.2040557,1.736627,-2.458458,226.0994,0.065,0.077,0.019,0.031,0.061,12.61,252.4,251.2,0.227,1.789,-2.349,253.3,252.1,250.9,0.189,1.705,-2.58,212.1,33.12491,33.00095,33.56699,33.3959,-0.2066979,-0.2163504,0.001664234,0.01397957,-0.02163504,1.789778,33.09914,32.98928,33.55746,33.38407,-0.2060322,-0.2163504,0.001997081,0.01364672,-0.02096935,1.858816,33.0873,32.9775,33.55256,33.37448,-0.2056995,-0.2163506,0.001997082,0.01397958,-0.02030367,1.664085,13.26,8.22
"2014-10-06 08:04:00",46611,252.4819,251.5408,0.2059453,1.781691,-2.246635,223.7341,0.149,0.241,0.019,0.017,0.046,10.5,252.7,251.8,0.227,1.789,-2.195,237.9,252.2,251.1,0.189,1.705,-2.349,206.8,33.08262,32.96584,33.56686,33.36264,-0.2056995,-0.2163506,0.001997082,0.01431242,-0.01930513,1.600244,33.08028,32.95419,33.5764,33.35319,-0.2060324,-0.2163506,0.001664235,0.01431242,-0.01930513,2.454185,33.05714,32.94512,33.53853,33.34635,-0.2050339,-0.2150194,0.001997084,0.01431243,-0.0189723,2.005655,13.26,8.19
"2014-10-06 08:05:00",46612,252.6068,251.7365,0.2072051,1.777533,-2.191433,212.4922,0.16,0.149,0.019,0.02,0.012,5.816,252.8,252,0.227,1.789,-2.157,223.8,252.3,251.4,0.189,1.705,-2.195,203.8,33.0548,32.93581,33.50997,33.33453,-0.2050339,-0.2140208,0.001997084,0.01431243,-0.0189723,1.480569,33.03631,32.92671,33.49116,33.32529,-0.2056997,-0.2136881,0.001664237,0.01431244,-0.01863946,1.260096,33.03163,32.91274,33.47215,33.31584,-0.2070311,-0.2153523,0.001664237,0.01431244,-0.01897231,1.428774,13.27,8.16
"2014-10-06 08:06:00",46613,251.9928,251.2135,0.2261001,1.7817,-2.17026,218.452,0.138,0.125,0.024,0.016,0.021,5.139,252.3,251.5,0.302,1.789,-2.118,226.2,251.7,251,0.189,1.747,-2.195,211,33.02479,32.90361,33.46757,33.30657,-0.2083635,-0.2166847,0.001997094,0.01431251,-0.01863954,1.577414,33.02246,32.89431,33.49134,33.29713,-0.2096949,-0.2183489,0.001997094,0.01431251,-0.01897239,1.841938,33.02493,32.88515,33.48671,33.28782,-0.2103605,-0.2186817,0.001997093,0.01397965,-0.01897238,2.00418,13.27,8.14
"2014-10-06 08:07:00",46614,251.4466,250.8567,0.2292499,1.733177,-2.234457,225.8154,0.257,0.223,0.009,0.024,0.049,4.766,251.8,251.1,0.265,1.789,-2.157,233.1,250.9,250.4,0.227,1.705,-2.311,217.1,33.04362,32.87586,33.55334,33.28311,-0.2120247,-0.2220102,0.001997093,0.0136468,-0.01897238,2.269859,33.00169,32.87132,33.5225,33.27615,-0.2116935,-0.2223448,0.001997109,0.01364691,-0.01963824,1.986121,32.9737,32.8574,33.50585,33.27143,-0.2130249,-0.2233433,0.001997109,0.01397976,-0.01963824,1.687778,13.27,8.11
"2014-10-06 08:08:00",46615,250.2194,249.5189,0.2128762,1.772704,-2.278762,231.3821,0.402,0.494,0.018,0.02,0.026,13.11,250.9,250.3,0.227,1.789,-2.234,247.8,249.6,248.7,0.189,1.747,-2.311,213.6,32.96437,32.84811,33.44645,33.26436,-0.2146892,-0.2230105,0.001997109,0.01397976,-0.01997109,1.812824,32.94583,32.83892,33.41809,33.25502,-0.2163539,-0.2250081,0.001664261,0.01431264,-0.01930542,2.678989,32.95514,32.825,33.40623,33.2456,-0.2190167,-0.2266723,0.001997113,0.01431264,-0.01930542,2.857154,13.27,8.08
"2014-10-06 08:09:00",46616,248.9274,248.0562,0.2349205,1.753299,-2.269142,220.3846,0.351,0.355,0.037,0.034,0.032,17.4,249.6,248.8,0.302,1.789,-2.234,247.3,248.2,247.5,0.189,1.705,-2.349,192.3,32.92996,32.81385,33.38773,33.23191,-0.2203485,-0.2286698,0.001664264,0.01431267,-0.01963831,2.232591,32.94626,32.80458,33.40194,33.2225,-0.2233442,-0.2316655,0.001997116,0.01364696,-0.01930546,1.473492,32.95126,32.79797,33.42125,33.21343,-0.2256754,-0.2343296,0.002662837,0.01364704,-0.01997128,0.7350178,13.27,8.05
"2014-10-06 08:10:00",46617,247.8375,246.9092,0.284677,1.657634,-2.625412,192.6191,0.326,0.346,0.031,0.033,0.202,7.757,248.3,247.5,0.34,1.705,-2.349,227.4,247.2,246.3,0.227,1.622,-3.004,187.3,32.9699,32.79102,33.42362,33.20637,-0.2276725,-0.2363268,0.002995691,0.01331418,-0.02163555,0.59232,32.99116,32.78436,33.43101,33.1996,-0.2303354,-0.2386568,0.002662838,0.01298133,-0.02363268,0.8759838,32.96784,32.77741,33.40968,33.19019,-0.2310012,-0.2399882,0.001997128,0.01364704,-0.02596267,2.084627,13.27,8.03
"2014-10-06 08:11:00",46618,247.0878,246.1382,0.2966436,1.707551,-3.331515,221.9795,0.094,0.067,0.033,0.025,0.146,7.288,247.3,246.3,0.34,1.747,-3.043,233.2,246.9,246,0.227,1.622,-3.505,206,32.9634,32.77068,33.40279,33.18336,-0.2323326,-0.2409868,0.002329983,0.01364705,-0.02829265,1.336907,32.93777,32.76374,33.40989,33.17632,-0.2316669,-0.2416525,0.002662838,0.01364705,-0.02995693,1.926258,32.93777,32.75449,33.38857,33.16927,-0.2310012,-0.2399883,0.002995693,0.0139799,-0.02995693,1.854331,13.27,7.999
"2014-10-06 08:12:00",46619,248.3934,247.3768,0.3363221,1.670807,-3.314826,215.5801,0.743,0.761,0.015,0.043,0.11,6.026,249.8,248.8,0.378,1.747,-3.12,224.7,247.3,246.3,0.302,1.581,-3.466,204.9,32.92864,32.75004,33.37219,33.1624,-0.2286713,-0.2376583,0.002995693,0.01364705,-0.02929122,1.665277,32.91468,32.74541,33.4006,33.15535,-0.2250098,-0.2353283,0.002995693,0.01298134,-0.02829266,1.221016,32.93576,32.74093,33.37706,33.1508,-0.222347,-0.2306684,0.002662839,0.01264848,-0.02696124,1.863735,13.27,7.973
"2014-10-06 08:13:00",46620,251.0948,250.1671,0.2966444,1.616042,-3.080536,235.7265,0.869,0.891,0.032,0.017,0.024,9.66,252.7,251.8,0.34,1.622,-3.004,251.4,249.8,248.9,0.227,1.539,-3.12,221.3,32.93111,32.73169,33.39126,33.14376,-0.2196842,-0.2283384,0.002662839,0.01298134,-0.02662839,2.090155,32.91763,32.72523,33.36099,33.13955,-0.215358,-0.2233465,0.002995706,0.01298139,-0.0266285,2.833268,32.92693,32.71831,33.37992,33.13017,-0.2120294,-0.2203508,0.002995706,0.01264854,-0.02629565,3.007724,13.27,7.947
"2014-10-06 08:14:00",46621,254.4139,253.6015,0.3237282,1.499578,-2.970784,253.8378,1.044,1.079,0.022,0.039,0.04,3.887,256.2,255.5,0.34,1.581,-2.927,257.6,252.7,251.8,0.265,1.456,-3.043,242.2,32.9316,32.71371,33.38941,33.1255,-0.207703,-0.2156916,0.002995717,0.01198287,-0.02596288,3.156042,32.90369,32.7091,33.39651,33.1208,-0.2027102,-0.2116973,0.002995717,0.01198287,-0.02529716,3.142184,32.89012,32.70486,33.36612,33.11416,-0.1973858,-0.2057073,0.002662878,0.01165009,-0.02529734,2.654777,13.27,7.921
"2014-10-06 08:15:00",46622,258.045,257.3177,0.2607484,1.513458,-3.053619,242.8329,1.008,1.054,0.021,0.034,0.077,7.012,259.7,259.1,0.302,1.539,-2.927,254.4,256.3,255.6,0.227,1.456,-3.158,232.8,32.88547,32.69793,33.35666,33.11182,-0.1930586,-0.2003815,0.001997158,0.01198295,-0.02596306,2.591099,32.86921,32.69563,33.36376,33.10479,-0.1877329,-0.1960544,0.002330018,0.01231581,-0.02696164,2.757223,32.85791,32.68901,33.34988,33.09807,-0.1834067,-0.1913954,0.002330031,0.01231588,-0.02696179,3.011368,13.27,7.896
"2014-10-06 08:16:00",46623,261.0066,260.2471,0.2525623,1.581411,-3.268683,258.5028,0.538,0.539,0.021,0.036,0.083,1.849,261.6,261,0.302,1.622,-3.158,260.2,259.8,259.1,0.227,1.539,-3.428,251.9,32.84862,32.67979,33.2979,33.09572,-0.1797452,-0.1857367,0.002330031,0.01231588,-0.02796037,3.304768,32.84923,32.67577,33.29617,33.09166,-0.1777488,-0.1834075,0.002330041,0.01298166,-0.02862622,3.316653,32.85619,32.67116,33.30089,33.08463,-0.1770831,-0.1830747,0.001997178,0.01298166,-0.02962481,3.312282,13.27,7.871
"2014-10-06 08:17:00",46624,261.3148,260.6193,0.2645294,1.622317,-3.550492,260.4908,0.39,0.395,0.012,0.008,0.072,0.597,261.8,261.1,0.302,1.664,-3.428,261.5,260.5,259.7,0.227,1.581,-3.697,259.2,32.85863,32.66436,33.32226,33.08006,-0.1777487,-0.1840731,0.001997177,0.01298165,-0.02995765,3.360872,32.86791,32.66206,33.33407,33.07539,-0.1800788,-0.1864032,0.00233004,0.01298165,-0.03095624,3.368708,32.87534,32.6579,33.318,33.07116,-0.1830744,-0.189066,0.002330038,0.01298164,-0.03162195,3.315771,13.27,7.847
"2014-10-06 08:18:00",46625,258.9857,258.1082,0.2790158,1.617465,-3.856053,253.9614,0.949,1.018,0.022,0.013,0.095,4.849,260.5,259.7,0.34,1.622,-3.697,259.6,257.3,256.3,0.227,1.581,-4.006,245.1,32.86837,32.6533,33.31091,33.06414,-0.1864031,-0.1930603,0.002662901,0.01298164,-0.0329534,3.208787,32.86142,32.64639,33.28732,33.06181,-0.190731,-0.1970554,0.002330047,0.01298169,-0.03395212,3.108815,32.86374,32.64409,33.29205,33.05481,-0.195724,-0.2023812,0.002662911,0.01298169,-0.03461784,2.821352,13.27,7.823
"2014-10-06 08:19:00",46626,255.2831,254.3067,0.2916137,1.560621,-4.089089,250.3211,1.082,1.112,0.023,0.027,0.059,2.451,257.2,256.2,0.34,1.622,-4.006,254.4,253.5,252.5,0.265,1.539,-4.198,245.9,32.88,32.64179,33.3251,33.05246,-0.2013827,-0.2093714,0.002662911,0.01231596,-0.03495071,2.893114,32.88071,32.63791,33.30694,33.04617,-0.2063762,-0.2136993,0.002330054,0.012316,-0.03561654,3.017764,32.86678,32.6356,33.3093,33.04383,-0.2107035,-0.2190251,0.002330054,0.012316,-0.03628227,2.987327,13.27,7.799
"2014-10-06 08:20:00",46627,252.4695,251.3432,0.3010626,1.518337,-4.096811,235.5178,0.467,0.521,0.021,0.034,0.116,20.86,253.5,252.4,0.34,1.581,-3.852,257.4,251.9,250.7,0.265,1.456,-4.237,200.9,32.85271,32.63086,33.28085,33.03668,-0.2133669,-0.2220214,0.002995791,0.01231603,-0.03594949,3.231484,32.82256,32.62626,33.2667,33.03202,-0.2150312,-0.2243515,0.00233006,0.01198316,-0.03528376,1.8406,32.82744,32.6173,33.29053,33.02525,-0.2153654,-0.2253515,0.002662942,0.01198324,-0.03328677,1.253132,13.27,7.776
"2014-10-06 08:21:00",46628,253.247,252.0209,0.2985448,1.373443,-3.501759,194.5474,0.925,0.933,0.026,0.059,0.199,8.12,255.1,253.9,0.34,1.456,-3.158,209.8,252,250.9,0.265,1.29,-3.852,186.9,32.81817,32.6127,33.28582,33.02525,-0.2137011,-0.2236871,0.002330074,0.0113175,-0.03128957,0.9281357,32.78398,32.60635,33.28874,33.0188,-0.2083753,-0.2200257,0.002330076,0.01065177,-0.02929238,0.5897792,32.80714,32.60175,33.28165,33.01647,-0.2037152,-0.2137012,0.002330076,0.01031891,-0.02729517,0.5797158,13.28,7.753
"2014-10-06 08:22:00",46629,258.9159,257.8144,0.3023251,1.196654,-2.974741,204.1444,2.238,2.314,0.031,0.057,0.096,20.84,262.9,261.9,0.34,1.29,-2.85,250.6,255.3,254.1,0.265,1.123,-3.158,187,32.79992,32.59459,33.29318,33.01153,-0.1950615,-0.2050476,0.002662956,0.009653216,-0.02596382,0.9740047,32.78371,32.59229,33.28138,33.00686,-0.1840768,-0.1937301,0.002995826,0.008987477,-0.02529809,1.124378,32.75364,32.58769,33.25074,33.00452,-0.1720935,-0.181081,0.002995826,0.008987477,-0.02463235,2.978353,13.28,7.73
"2014-10-06 08:23:00",46630,266.8922,265.959,0.336968,1.025412,-2.656994,256.2292,2.152,2.199,0.01,0.055,0.115,3.16,270.3,269.4,0.34,1.123,-2.465,260,263.1,262.1,0.302,0.957,-2.85,250.2,32.74258,32.5836,33.20889,33.0027,-0.1614423,-0.1684326,0.002995837,0.00832177,-0.02363382,3.268384,32.72872,32.5813,33.18773,33.00036,-0.1511233,-0.1577808,0.002995837,0.007656028,-0.02263521,3.296595,32.72911,32.58169,33.20224,32.99377,-0.1431343,-0.1497917,0.002995834,0.007656019,-0.02130371,2.98414,13.28,7.708
"2014-10-06 08:24:00",46631,272.3667,271.5941,0.3338191,0.9380549,-2.393158,250.9263,1.007,1.032,0.014,0.027,0.031,10.47,273.8,273,0.34,0.998,-2.35,258.3,270.5,269.5,0.302,0.874,-2.465,217.9,32.74298,32.58169,33.20929,32.99377,-0.1371426,-0.1431343,0.002995834,0.007656019,-0.02063796,3.110675,32.74792,32.58201,33.22843,32.99176,-0.1334815,-0.139806,0.002995843,0.007323172,-0.02063803,3.233999,32.74561,32.57972,33.21432,32.99409,-0.1304856,-0.1361444,0.002995843,0.007656044,-0.02063803,3.198776,13.28,7.686
"2014-10-06 08:25:00",46632,274.6483,273.9123,0.3136651,0.954698,-2.529259,258.5702,0.466,0.511,0.024,0.012,0.091,3.14,275.4,274.7,0.34,0.998,-2.388,262.1,273.8,273,0.265,0.915,-2.735,250.9,32.73893,32.58226,33.22399,32.99435,-0.127823,-0.1338147,0.002662979,0.007656064,-0.02130383,3.139719,32.7528,32.58226,33.22635,32.98968,-0.1264915,-0.1318174,0.002662979,0.007656064,-0.02230245,3.397245,32.76723,32.58052,33.21986,32.99258,-0.1251603,-0.1298205,0.002330111,0.00765608,-0.02363399,3.399971,13.28,7.663
"2014-10-06 08:26:00",46633,275.6456,275.0325,0.2576093,1.026113,-3.000456,258.6784,0.112,0.155,0.02,0.032,0.159,3.353,275.8,275.3,0.302,1.082,-2.696,262.6,275.4,274.8,0.227,0.957,-3.235,251.3,32.78343,32.58282,33.20339,32.99024,-0.1251603,-0.1281561,0.002330111,0.008321826,-0.02529835,3.272197,32.77649,32.58282,33.21515,32.99024,-0.1244945,-0.1278232,0.002330111,0.008321826,-0.02696272,3.033561,32.75808,32.58521,33.24821,32.99035,-0.1234961,-0.129155,0.002330115,0.00832184,-0.02796138,3.437175,13.28,7.642
"2014-10-06 08:27:00",46634,274.6385,274.0853,0.2519411,1.09198,-3.308596,263.0005,0.769,0.801,0.018,0.034,0.045,0.175,275.7,275.1,0.265,1.123,-3.235,263.5,272.9,272.3,0.227,1.04,-3.389,262.6,32.75577,32.58291,33.2129,32.99035,-0.1254933,-0.1298207,0.002330115,0.008654714,-0.02862713,3.464561,32.76083,32.58564,33.18748,32.98845,-0.1288223,-0.132151,0.002330118,0.008987599,-0.02896004,3.45186,32.77471,32.58564,33.17573,32.98845,-0.134814,-0.1371441,0.001997244,0.008987599,-0.02896004,3.452933,13.28,7.62
"2014-10-06 08:28:00",46635,269.4696,268.9628,0.2569806,1.121796,-3.415168,262.6774,2.279,2.245,0.018,0.007,0.039,0.414,272.8,272.4,0.302,1.123,-3.351,263.3,265.2,264.7,0.227,1.082,-3.467,261.9,32.78164,32.58563,33.17807,32.98378,-0.1428031,-0.1448004,0.001997246,0.008654734,-0.02929295,3.460853,32.79553,32.58794,33.20157,32.98845,-0.1531222,-0.1561181,0.002330121,0.008987608,-0.0299587,3.428848,32.78893,32.59058,33.20664,32.98413,-0.1647743,-0.1691017,0.002330142,0.008987691,-0.02995897,3.415748,13.28,7.599
"2014-10-06 08:29:00",46636,259.5361,258.9416,0.3080012,1.175884,-3.582745,262.5784,3.38,3.47,0.03,0.036,0.064,0.221,265.1,264.4,0.34,1.206,-3.467,263.1,253.4,252.6,0.265,1.123,-3.698,262,32.79357,32.59058,33.20899,32.98647,-0.1787552,-0.1837483,0.00266302,0.008987691,-0.03062472,3.442392,32.80507,32.5928,33.21832,32.98639,-0.1937345,-0.1997263,0.002995894,0.009653437,-0.03129045,3.458091,32.8097,32.59509,33.21596,32.98872,-0.2107112,-0.2177016,0.002995894,0.009653437,-0.0319562,3.416352,13.28,7.578
"2014-10-06 08:30:00",46637,245.9286,244.8053,0.360909,1.262549,-3.737451,257.7679,4.391,4.597,0.03,0.028,0.032,4.33,253.3,252.4,0.416,1.29,-3.698,262.4,238.3,236.9,0.34,1.206,-3.775,245.9,32.83752,32.59509,33.22538,32.98872,-0.230351,-0.2376743,0.002995894,0.01031919,-0.0319562,3.396637,32.87924,32.59732,33.24414,32.98865,-0.2516549,-0.2596439,0.002995892,0.01031918,-0.03228905,3.239516,32.90946,32.60192,33.28186,32.99098,-0.272959,-0.2829453,0.003661646,0.009986306,-0.03262193,2.797868,13.28,7.557
"2014-10-06 08:31:00",46638,230.5275,228.8736,0.4623175,1.17034,-3.932616,197.6482,4.279,4.388,0.045,0.041,0.108,17.91,238.1,236.6,0.567,1.248,-3.775,245.2,223.7,222,0.416,1.123,-4.083,186.4,32.95399,32.60683,33.35066,32.99363,-0.29493,-0.3075793,0.003994537,0.009653464,-0.03362069,0.6079484,32.93304,32.61143,33.37195,32.99596,-0.3129054,-0.3288835,0.004327415,0.008987708,-0.03461932,0.5427816,32.95854,32.61821,33.40499,33.00051,-0.3302146,-0.3471914,0.004660287,0.008987696,-0.03528503,0.5412164,13.28,7.537
"2014-10-06 08:32:00",46639,219.4897,217.5144,0.5441998,1.062181,-4.147032,187.4188,2.091,2.189,0.022,0.031,0.024,0.607,223.6,221.8,0.567,1.123,-4.083,188.5,216.4,214.3,0.491,0.998,-4.16,185.9,32.93291,32.62281,33.39314,33.00518,-0.3405338,-0.3598407,0.004660287,0.008654818,-0.03595078,0.4996415,32.92352,32.62733,33.37411,33.01209,-0.3495226,-0.3688296,0.004660301,0.008321967,-0.0359509,0.509212,32.93516,32.63424,33.37885,33.01676,-0.3561802,-0.37582,0.00499318,0.008654846,-0.0359509,0.563738,13.28,7.517
"2014-10-06 08:33:00",46640,215.4559,213.2399,0.6248242,0.9990914,-4.049469,187.7858,0.384,0.389,0.035,0.064,0.089,0.773,216.4,214.2,0.68,1.082,-3.89,189.8,215,212.8,0.567,0.874,-4.16,185.9,32.93544,32.63681,33.39097,33.02172,-0.3595099,-0.3798155,0.005326072,0.008321987,-0.03528523,0.5796601,32.94708,32.64602,33.42415,33.03106,-0.3615071,-0.3824785,0.005658951,0.007656228,-0.03461947,0.5167199,32.98204,32.65062,33.45262,33.03807,-0.3615071,-0.3821456,0.005658951,0.006990469,-0.03362083,0.5855994,13.29,7.496
"2014-10-06 08:34:00",46641,216.6224,214.435,0.6519128,0.6947235,-3.754837,187.6903,0.866,0.907,0.019,0.106,0.086,0.661,218.4,216.2,0.718,0.874,-3.621,189.2,215.4,213.3,0.642,0.541,-3.89,186.3,33.03831,32.66238,33.47186,33.04766,-0.3608436,-0.3801507,0.005658986,0.005991867,-0.03295527,0.5764441,33.02896,32.6739,33.49087,33.05468,-0.3561832,-0.3768219,0.005658986,0.004993223,-0.03195663,0.5197731,33.02645,32.68064,33.50971,33.0662,-0.3501916,-0.3711632,0.00565899,0.004327463,-0.03129089,0.5706707,13.28,7.476
"2014-10-06 08:35:00",46642,221.3023,219.0737,0.6053031,0.4832562,-3.566103,187.764,1.79,1.771,0.029,0.034,0.049,0.569,224.4,222.2,0.642,0.541,-3.467,189.2,218.6,216.3,0.567,0.458,-3.621,186.4,33.01477,32.68756,33.48594,33.07556,-0.3428682,-0.3628412,0.005326109,0.0036617,-0.03129089,0.519444,33.01732,32.697,33.46715,33.08514,-0.3342135,-0.3531878,0.00499323,0.003661702,-0.03062514,0.560525,33.01031,32.70392,33.45291,33.09216,-0.3248928,-0.3432013,0.00499323,0.003661702,-0.02995938,0.5491413,13.29,7.456
"2014-10-06 08:36:00",46643,228.4275,226.3067,0.6040458,0.4132307,-3.36454,206.1718,2.182,2.256,0.027,0.047,0.06,10.94,232.1,229.9,0.642,0.458,-3.274,221.8,224.6,222.5,0.567,0.333,-3.467,186.8,33.01516,32.70871,33.45783,33.1017,-0.3145749,-0.3322178,0.004993253,0.003661719,-0.02929375,1.709954,33.0105,32.71564,33.45308,33.10639,-0.3035898,-0.3208997,0.00565902,0.002995952,-0.02862798,1.198428,33.00596,32.72501,33.46034,33.1159,-0.2942689,-0.3115788,0.004993251,0.002663067,-0.02829509,1.216742,13.29,7.436
"2014-10-06 08:37:00",46644,234.6423,232.813,0.5820014,0.2669364,-3.184795,223.388,1.431,1.494,0.023,0.044,0.063,5.923,236.8,235.1,0.642,0.333,-3.081,232.8,232,230.1,0.567,0.208,-3.274,208.1,33.00363,32.73425,33.46747,33.12293,-0.2869455,-0.3032568,0.004993251,0.002330184,-0.0279622,2.002221,33.00596,32.74118,33.49123,33.12997,-0.2799549,-0.296932,0.005659018,0.0019973,-0.02729644,2.086774,33.01309,32.74823,33.47234,33.13712,-0.2749627,-0.2906083,0.00499327,0.001664423,-0.02663077,1.658729,13.29,7.416
"2014-10-06 08:38:00",46645,238.9369,237.2556,0.5599568,0.1788824,-3.027519,226.9767,1.161,1.226,0.016,0.035,0.041,7.25,241,239.2,0.605,0.208,-2.927,239.8,236.9,235.1,0.529,0.125,-3.081,215.4,33.02943,32.75748,33.48898,33.14651,-0.2699694,-0.285615,0.00499327,0.001331539,-0.02629789,2.359243,33.04121,32.76219,33.5438,33.15129,-0.264643,-0.2809543,0.004993264,0.001664421,-0.02596497,2.2134,33.04121,32.77144,33.52475,33.16068,-0.2589839,-0.2749624,0.004993264,0.0009986528,-0.0252992,2.243839,13.29,7.396
"2014-10-06 08:39:00",46646,242.6793,241.2551,0.5070491,0.05338752,-2.870888,238.5088,0.897,0.985,0.037,0.036,0.058,4.932,244,242.7,0.567,0.125,-2.773,244.3,240.9,239.3,0.416,0,-2.966,227.6,33.04164,32.77881,33.56569,33.17052,-0.2539915,-0.2703029,0.00432751,0.0006657707,-0.02529928,2.36799,33.0393,32.78576,33.58953,33.17991,-0.2493311,-0.2663083,0.00432751,0.0003328853,-0.02463352,2.671557,33.01395,32.79074,33.54936,33.18496,-0.2450053,-0.2609839,0.003661764,0.0003328876,-0.02396791,2.515649,13.29,7.377
"2014-10-06 08:40:00",46647,244.6741,243.3458,0.4188703,0.05824149,-2.660345,215.0467,0.385,0.4,0.01,0.023,0.047,11.34,245.4,244.1,0.454,0.125,-2.581,237.9,244,242.7,0.416,0.042,-2.773,201.8,33.02097,32.79537,33.56128,33.18967,-0.2433408,-0.2589866,0.003661764,0.0003328876,-0.02330213,1.879808,33.03526,32.79564,33.58064,33.19699,-0.2423435,-0.2583222,0.003994673,0.0006657788,-0.02263648,1.104309,33.03993,32.80028,33.57825,33.20169,-0.2403461,-0.2563249,0.003661783,0.0003328894,-0.02263648,1.526086,13.29,7.356
"2014-10-06 08:41:00",46648,245.9671,244.5134,0.4150936,0.0402146,-2.560854,220.4919,0.36,0.382,0.011,0.007,0.03,6.758,246.6,245.1,0.454,0.042,-2.542,234,245.4,244,0.378,0,-2.619,211.3,33.02591,32.80028,33.52821,33.20876,-0.2383488,-0.2526631,0.003661783,0.0003328894,-0.0219707,1.485088,33.01212,32.80513,33.55464,33.21133,-0.2363525,-0.2516655,0.003328909,0.0003328909,-0.0219708,1.753687,33.01446,32.80745,33.5213,33.21839,-0.2343552,-0.2483366,0.003661799,0.0003328909,-0.0219708,2.281302,13.29,7.336
"2014-10-06 08:42:00",46649,247.6405,246.3253,0.4132042,0.0436814,-2.511424,222.7701,0.752,0.833,0.017,0.009,0.036,4.262,249.3,248.1,0.454,0.083,-2.465,231.4,246.6,245.2,0.378,0.042,-2.542,217.1,32.99866,32.8103,33.52662,33.22129,-0.231359,-0.2456733,0.003661797,0.0003328906,-0.02197078,1.70857,32.99866,32.8103,33.54328,33.22364,-0.228363,-0.2430102,0.003661797,0.0003328906,-0.021305,1.852106,33.01777,32.81304,33.57471,33.22879,-0.2237024,-0.2380167,0.003994685,0.0003328904,-0.02130499,2.021871,13.29,7.316
"2014-10-06 08:43:00",46650,251.7069,250.5966,0.4258024,0.03952132,-2.49602,233.9177,1.455,1.486,0.018,0.009,0.026,5.071,254,252.9,0.491,0.042,-2.465,242.3,249.3,248.1,0.416,0,-2.542,225,33.0131,32.81768,33.56517,33.2335,-0.2173775,-0.2313588,0.003661795,0.0003328904,-0.02163788,2.226698,33.04381,32.82034,33.60847,33.23856,-0.2117191,-0.2253677,0.003661809,0.0003328917,-0.02130507,2.463859,33.02979,32.82497,33.57983,33.24326,-0.2053942,-0.2183769,0.0039947,0,-0.02197085,2.625295,13.29,7.296
"2014-10-06 08:44:00",46651,256.0119,254.8834,0.4012398,0.01248054,-2.512087,239.1086,1.177,1.196,0.032,0.032,0.025,1.886,258.2,257.3,0.491,0.083,-2.465,241.7,254.1,253,0.34,-0.042,-2.542,235.9,33.03006,32.82989,33.53959,33.24825,-0.2004022,-0.2117206,0.003661834,-0.000332894,-0.02197101,2.565332,33.02071,32.8322,33.52293,33.25532,-0.1950759,-0.2050627,0.002996046,0.000332894,-0.02197101,2.487707,33.02539,32.83452,33.57535,33.25768,-0.188418,-0.1997364,0.00332894,0.000332894,-0.02163811,2.45405,13.29,7.276
"2014-10-06 08:45:00",46652,262.6922,261.7591,0.3533695,0.1144051,-2.417082,243.5363,2.869,2.897,0.02,0.02,0.044,3.755,267.8,266.7,0.416,0.125,-2.311,250.8,258.4,257.4,0.34,0.042,-2.504,237.7,33.02328,32.83938,33.6066,33.26262,-0.1784315,-0.1910815,0.00366184,0.0009986837,-0.02130525,2.611534,33.03262,32.83938,33.60421,33.26733,-0.1657815,-0.1770999,0.002996051,0.0009986837,-0.02063946,2.778498,33.01645,32.8442,33.55669,33.27459,-0.1508014,-0.1604554,0.002996055,0.0009986849,-0.0199737,2.98153,13.29,7.256
"2014-10-06 08:46:00",46653,272.1399,271.1932,0.2513278,0.2017698,-2.253384,254.7556,2.488,2.468,0.047,0.059,0.046,3.09,276.2,275.3,0.34,0.291,-2.196,259.7,267.8,267,0.189,0.125,-2.35,250.9,33.00478,32.84652,33.51858,33.27695,-0.1391501,-0.1468067,0.002330265,0.0009986849,-0.0196408,3.03185,32.98859,32.84435,33.48544,33.27473,-0.1278323,-0.1338245,0.00199738,0.001664483,-0.01930801,3.223896,32.97226,32.84203,33.46168,33.27473,-0.1168467,-0.1221731,0.001664483,0.002330277,-0.01897511,3.3233,13.29,7.235
"2014-10-06 08:47:00",46654,277.9428,276.9792,0.187709,0.4312752,-2.05694,260.6713,0.805,0.83,0.01,0.07,0.08,0.638,279.2,278.3,0.227,0.541,-1.926,261.8,276.2,275.3,0.151,0.291,-2.196,259.2,32.95338,32.83714,33.43769,33.27213,-0.1105217,-0.1151822,0.001664483,0.00299607,-0.01830932,3.379741,32.93242,32.83714,33.40213,33.27213,-0.1068598,-0.1111875,0.001664483,0.003661863,-0.01731063,3.361263,32.94655,32.83267,33.43312,33.26758,-0.10453,-0.1091906,0.00166449,0.004327675,-0.0169778,3.333874,13.29,7.216
"2014-10-06 08:48:00",46655,281.2836,280.5193,0.1870796,0.6566212,-2.081983,261.6479,1.04,1.105,0.008,0.077,0.058,0.634,283,282.3,0.189,0.79,-1.965,262.7,279.3,278.5,0.151,0.541,-2.196,260.2,32.92327,32.83035,33.43786,33.26523,-0.09787203,-0.1031984,0.00166449,0.004993471,-0.0176436,3.404571,32.93024,32.82571,33.41415,33.26287,-0.09421015,-0.09753913,0.00166449,0.005659267,-0.01830939,3.394671,32.93969,32.82584,33.42377,33.26064,-0.08988202,-0.09321098,0.001331585,0.006325031,-0.01897509,3.439066,13.29,7.196
"2014-10-06 08:49:00",46656,284.9216,284.2485,0.1486557,0.8965268,-2.169292,263.3954,1.07,1.1,0.026,0.057,0.033,0.519,286.7,286.1,0.189,0.957,-2.119,264.3,283.1,282.3,0.113,0.79,-2.196,262.3,32.93969,32.8212,33.40005,33.25357,-0.08522147,-0.08721885,0.001331585,0.006990824,-0.01897509,3.455565,32.91849,32.81631,33.3927,33.24625,-0.07989547,-0.08222576,0.001331591,0.00765665,-0.01864228,3.46795,32.8929,32.81168,33.36901,33.24389,-0.07456911,-0.0765665,0.0009986935,0.00765665,-0.01830938,3.486593,13.29,7.176
"2014-10-06 08:50:00",46657,287.0137,286.451,0.1524359,1.043526,-2.067226,263.8906,0.143,0.158,0.023,0.044,0.025,0.281,287.2,286.7,0.189,1.123,-2.042,264.5,286.7,286.1,0.113,0.957,-2.119,263.2,32.89074,32.80488,33.36444,33.23933,-0.07323778,-0.07523517,0.000998697,0.008322475,-0.01797654,3.4786,32.88377,32.80257,33.39286,33.23933,-0.07290488,-0.07623386,0.001331596,0.008322475,-0.01764365,3.488417,32.85406,32.80074,33.3744,33.23277,-0.07190638,-0.07590118,0.0013316,0.008988298,-0.0176437,3.491146,13.29,7.157
"2014-10-06 08:51:00",46658,286.2672,285.6479,0.1788923,1.184979,-1.971576,262.8054,0.456,0.468,0.017,0.051,0.033,0.488,287.1,286.5,0.189,1.29,-1.926,264.3,285.8,285.1,0.151,1.123,-2.042,262.1,32.85174,32.7961,33.36494,33.23042,-0.07390378,-0.07789858,0.0013316,0.008988298,-0.0169779,3.446434,32.84017,32.7915,33.35078,33.22338,-0.07656714,-0.08056195,0.001664503,0.009987018,-0.01664503,3.423837,32.83785,32.78918,33.35315,33.22103,-0.07556844,-0.07989614,0.001664503,0.009987018,-0.01664503,3.452132,13.29,7.138
"2014-10-06 08:52:00",46659,287.1235,286.5293,0.1883413,1.357633,-1.992767,264.6504,0.764,0.753,0.005,0.06,0.037,1.123,288.4,287.9,0.189,1.456,-1.926,266.2,286,285.4,0.151,1.248,-2.08,262.6,32.82857,32.78455,33.34132,33.22103,-0.07357103,-0.07723294,0.001664503,0.01065282,-0.01697793,3.489337,32.84251,32.78225,33.34371,33.21399,-0.07090796,-0.07390407,0.001664506,0.01098574,-0.01731086,3.551707,32.83787,32.77763,33.32243,33.21163,-0.06724604,-0.06924345,0.001664506,0.01165154,-0.01797666,3.562761,13.3,7.119
"2014-10-06 08:53:00",46660,288.9409,288.3977,0.1757436,1.517806,-2.074305,265.5285,0.311,0.371,0.02,0.05,0.025,0.252,289.6,289.2,0.189,1.623,-2.042,266.2,288.4,287.8,0.113,1.456,-2.119,265.1,32.8197,32.778,33.29213,33.20732,-0.06524873,-0.06724614,0.001664508,0.01165156,-0.01797669,3.538511,32.81506,32.778,33.28741,33.20261,-0.06391712,-0.06524873,0.001664508,0.01231736,-0.01797669,3.540326,32.82891,32.77332,33.30151,33.19786,-0.06258558,-0.06458299,0.001331608,0.01298318,-0.01764381,3.56351,13.3,7.1
"2014-10-06 08:54:00",46661,289.2726,288.6999,0.1644056,1.661338,-2.03643,264.9471,0.273,0.292,0.026,0.04,0.034,0.834,289.7,289.1,0.189,1.747,-1.965,266.1,288.7,288.1,0.113,1.581,-2.08,263.3,32.81037,32.76869,33.28264,33.19315,-0.06258558,-0.06425009,0.00166451,0.01298318,-0.01764381,3.553694,32.80605,32.76669,33.29475,33.18641,-0.06358434,-0.06658046,0.001664512,0.01331609,-0.01764382,3.52276,32.80373,32.76206,33.2688,33.18172,-0.06425014,-0.06658046,0.001664512,0.0139819,-0.01697802,3.503292,13.3,7.081
"2014-10-06 08:55:00",46662,290.4745,289.959,0.1864524,1.781294,-2.002405,265.3741,0.625,0.655,0.009,0.022,0.049,0.837,291.3,290.8,0.189,1.831,-1.965,266.6,289.1,288.4,0.151,1.706,-2.119,264,32.81789,32.76463,33.27849,33.17727,-0.06058826,-0.06225277,0.00133161,0.01431481,-0.01697803,3.523422,32.855,32.76232,33.31625,33.17493,-0.05925665,-0.06058826,0.001664513,0.01431481,-0.01764383,3.576054,32.86197,32.76,33.30681,33.17022,-0.05859084,-0.05958955,0.001664513,0.01431481,-0.01797674,3.574816,13.3,7.063
"2014-10-06 08:56:00",46663,291.1273,290.7176,0.2255072,1.713346,-2.193726,265.6185,0.093,0.064,0.029,0.055,0.047,0.297,291.3,290.9,0.265,1.789,-2.119,266.2,290.9,290.6,0.189,1.623,-2.311,265,32.86912,32.76019,33.36137,33.16808,-0.05925668,-0.06191991,0.001664513,0.01398191,-0.01897546,3.556092,32.87145,32.75788,33.37794,33.16338,-0.05958958,-0.06291861,0.001997416,0.01364901,-0.01930836,3.534313,32.88321,32.75803,33.38756,33.16354,-0.06025567,-0.06358472,0.00233033,0.01298327,-0.01997426,3.568894,13.3,7.045
"2014-10-06 08:57:00",46664,291.2476,290.8073,0.2840895,1.513657,-2.29196,266.1528,0.088,0.073,0.03,0.075,0.033,0.192,291.4,290.9,0.34,1.623,-2.234,266.6,291,290.6,0.227,1.373,-2.35,265.8,32.86928,32.75803,33.36626,33.16118,-0.05925696,-0.062586,0.002663234,0.01231746,-0.01997426,3.571369,32.88567,32.76047,33.35693,33.16366,-0.05925693,-0.06192016,0.002330329,0.01165164,-0.01997425,3.575753,32.90194,32.76279,33.34747,33.16601,-0.06025564,-0.06192016,0.002330329,0.01098584,-0.01930844,3.571381,13.3,7.028
"2014-10-06 08:58:00",46665,291.131,290.5732,0.2544836,1.270279,-2.127606,266.2021,0.178,0.177,0.018,0.059,0.046,0.264,291.6,291,0.302,1.373,-2.042,266.9,290.8,290.3,0.227,1.206,-2.234,265.7,32.8974,32.76752,33.34049,33.16847,-0.058924,-0.06058853,0.002330328,0.01032002,-0.01830972,3.595562,32.90437,32.77446,33.35231,33.17316,-0.06125433,-0.06325176,0.002330328,0.00998712,-0.01797681,3.566029,32.90714,32.77953,33.35512,33.17831,-0.06058851,-0.06225302,0.002330327,0.009654213,-0.01797681,3.581367,13.3,7.011
"2014-10-06 08:59:00",46666,290.9463,290.532,0.2588932,1.136457,-2.118619,265.8037,0.105,0.153,0.027,0.048,0.034,0.252,291.1,290.8,0.302,1.206,-2.08,266.4,290.7,290.2,0.227,1.04,-2.196,265.3,32.96069,32.78647,33.43567,33.18301,-0.06325173,-0.06591497,0.002330327,0.009321309,-0.01830971,3.550514,33.00266,32.79111,33.45702,33.19006,-0.06391755,-0.06558207,0.001997423,0.008988405,-0.01830971,3.558763,32.99602,32.7984,33.48351,33.19512,-0.06325199,-0.06624813,0.002663241,0.008322629,-0.0189756,3.544239,13.3,6.994
