213,2013,309,1700,260.17,259.08,-.47484,1.861,-3.8483,250.3,.482,.555,.033,0,.163,6.856,261.1,260.1,-.412,1.861,-3.638,259,259.5,258.3,-.562,1.861,-4.021,231.9,41.735,40.971,42.577,41.823,-.11788,-.11788,-.00429,.01489,-.03309,1.7236,41.685,40.971,42.486,41.811,-.11887,-.11854,-.00396,.01489,-.03475,.95687,41.76,40.965,42.473,41.811,-.1225,-.11986,-.00429,.01489,-.03475,1.6318,13.35,9.21
213,2013,309,1701,259.7,258.46,-.54418,1.861,-4.0014,257.3,.073,.08,.022,0,.057,2.176,259.9,258.6,-.487,1.861,-3.829,264.2,259.6,258.3,-.562,1.861,-4.021,247.2,41.697,40.965,42.364,41.798,-.11986,-.1159,-.00495,.01489,-.03475,1.7599,41.628,40.953,42.313,41.785,-.11821,-.11458,-.00495,.01489,-.03475,1.8178,41.612,40.937,42.322,41.775,-.11854,-.11524,-.00495,.01489,-.03309,1.8232,13.35,9.48
213,2013,309,1702,259.47,258.43,-.57104,1.8609,-3.7174,259.18,.181,.18,.017,0,.094,2.583,259.7,258.7,-.525,1.861,-3.638,276.8,259.1,258,-.6,1.861,-3.829,252.4,41.612,40.937,42.315,41.769,-.11854,-.11491,-.00528,.01489,-.03309,1.8343,41.549,40.93,42.29,41.769,-.11755,-.11524,-.00495,.01489,-.03144,1.8556,41.587,40.924,42.328,41.769,-.12052,-.11755,-.00528,.01489,-.03144,1.8195,13.34,9.75
213,2013,309,1703,257.82,256.86,-.68911,1.8161,-3.5386,258.67,1.049,1.008,.056,.114,.096,.832,259.2,258.2,-.6,1.861,-3.446,264.5,255.6,254.7,-.787,1.447,-3.638,257.8,41.631,40.93,42.373,41.763,-.12349,-.12085,-.00594,.01489,-.03144,1.8171,41.727,40.933,42.395,41.752,-.13142,-.12679,-.00627,.01489,-.02978,1.8233,41.828,40.933,42.504,41.752,-.14132,-.13736,-.00693,.01158,-.02978,1.8234,13.33,10.01
213,2013,309,1704,250.98,249.93,-.76532,1.4473,-3.6981,251.97,2.808,2.905,.047,0,.15,5.523,255.5,254.6,-.675,1.447,-3.446,258.4,246,244.8,-.825,1.447,-4.02,235.5,41.935,40.933,42.562,41.752,-.15585,-.15122,-.00726,.01158,-.03144,1.342,41.897,40.933,42.517,41.752,-.16674,-.16311,-.0066,.01158,-.03144,1.6696,41.942,40.92,42.562,41.752,-.18226,-.17896,-.0066,.01158,-.03474,1.651,13.33,10.28
213,2013,309,1705,242.66,241.06,-.79405,1.3577,-4.2149,238.97,1.311,1.445,.038,.166,.154,9.31,245.8,244.6,-.712,1.447,-4.02,254.7,241.4,239.7,-.862,1.034,-4.403,224.5,42.006,40.909,42.615,41.753,-.19646,-.19382,-.0066,.01158,-.03474,1.2603,42.05,40.903,42.654,41.76,-.20339,-.20141,-.00726,.01158,-.03805,.63732,41.987,40.897,42.641,41.766,-.20009,-.19877,-.00726,.00827,-.03805,.83346,13.32,10.54
213,2013,309,1706,246.16,244.51,-.82716,1.0338,-4.5339,242.51,2.786,2.806,.009,0,.089,10.42,251,249.4,-.825,1.034,-4.403,257.5,242,240.5,-.862,1.034,-4.594,223.2,41.962,40.897,42.628,41.778,-.19084,-.18952,-.00726,.00827,-.03971,.48239,41.974,40.891,42.628,41.778,-.17797,-.17466,-.00726,.00827,-.03971,1.4107,41.879,40.891,42.498,41.778,-.16245,-.15749,-.00726,.00827,-.0397,1.7719,13.32,10.81
213,2013,309,1707,253.59,252.09,-.81839,1.0337,-4.5497,258.24,1.092,1.145,.034,0,.081,.253,254.7,253.4,-.75,1.034,-4.403,258.8,251.1,249.5,-.9,1.034,-4.594,257.6,41.892,40.891,42.556,41.785,-.15386,-.1499,-.00726,.00827,-.0397,1.8072,41.822,40.897,42.511,41.791,-.14725,-.14329,-.00726,.00827,-.0397,1.8071,41.803,40.897,42.505,41.803,-.14527,-.14131,-.0066,.00827,-.03805,1.7917,13.31,11.07
213,2013,309,1708,253,251.64,-.70218,1.3886,-4.4028,257.25,1.45,1.434,.032,.131,0,.768,254.7,253.2,-.675,1.447,-4.403,259.6,249.9,248.5,-.787,1.034,-4.403,255.2,41.728,40.897,42.511,41.797,-.14527,-.14329,-.00594,.01158,-.03805,1.7858,41.779,40.898,42.519,41.798,-.1532,-.1499,-.00627,.01158,-.03805,1.7484,41.748,40.904,42.486,41.798,-.16178,-.15979,-.00594,.01158,-.03805,1.7264,13.3,11.34
213,2013,309,1709,245.89,244.36,-.68654,1.4472,-4.4027,238.54,2.122,2.22,.017,0,0,11.74,249.7,248.5,-.675,1.447,-4.403,256.2,242.9,241.3,-.712,1.447,-4.403,213.2,41.817,40.904,42.564,41.805,-.17432,-.17366,-.00594,.01158,-.03805,1.3113,41.823,40.916,42.59,41.805,-.18489,-.18489,-.00627,.01158,-.03805,.92241,41.83,40.922,42.596,41.811,-.1905,-.19149,-.00627,.01158,-.03805,.06986,13.3,11.61
213,2013,309,1710,244.13,242.4,-.71964,1.4471,-4.4408,229.66,1.348,1.366,.024,0,.077,10.94,247.1,245.5,-.675,1.447,-4.402,248.1,242.8,241,-.75,1.447,-4.594,213.2,41.817,40.928,42.564,41.811,-.18951,-.19017,-.00594,.01158,-.03805,.7313,41.849,40.941,42.551,41.817,-.18422,-.18389,-.0066,.01158,-.03805,.30123,41.842,40.947,42.544,41.811,-.17366,-.173,-.0066,.01158,-.03805,1.2222,13.29,11.87
213,2013,309,1711,250.87,249.37,-.84519,1.4092,-4.3737,250.94,1.844,1.874,.05,.103,.068,6.533,253.5,252,-.75,1.447,-4.211,285.1,247.3,245.6,-.9,1.034,-4.402,234.3,41.899,40.947,42.59,41.811,-.16507,-.16309,-.00726,.01158,-.03805,1.568,41.925,40.953,42.59,41.811,-.15682,-.15451,-.00792,.01158,-.03805,1.206,41.888,40.954,42.565,41.806,-.15022,-.1479,-.00792,.00827,-.03639,1.7563,13.29,12.11
213,2013,309,1712,255.48,254.09,-.94699,.93712,-4.0609,258.62,1.089,1.117,.041,.171,.16,1.105,257.1,255.7,-.9,1.24,-3.828,265.5,253.6,252.1,-1.012,.62,-4.211,257.5,41.932,40.954,42.636,41.812,-.14658,-.1446,-.00792,.00827,-.03639,1.8182,42.015,40.967,42.688,41.818,-.14361,-.14031,-.00858,.00827,-.03474,1.8177,42.027,40.979,42.682,41.818,-.14031,-.13701,-.00891,.00496,-.03308,1.8072,13.28,12.34
213,2013,309,1713,257.82,256.58,-1.0069,.36864,-3.5345,257.61,.465,.504,.02,.177,.142,.856,258.4,257.3,-.974,.62,-3.254,258.9,257,255.6,-1.049,.207,-3.828,255.7,42.021,40.997,42.721,41.837,-.13767,-.13503,-.00924,.00331,-.03143,1.783,42.002,41.004,42.734,41.85,-.13403,-.13238,-.00891,.00165,-.02977,1.7641,41.964,41.022,42.656,41.869,-.13106,-.12776,-.00858,.00165,-.02812,1.8153,13.27,12.53
213,2013,309,1714,259.01,257.84,-.93133,.53399,-3.1739,258.6,.284,.342,.039,.143,.107,.262,259.6,258.5,-.862,.62,-3.062,259.2,258.5,257.3,-.974,.207,-3.445,258,41.964,41.034,42.682,41.882,-.12875,-.12644,-.00825,.00496,-.02812,1.8181,41.945,41.047,42.714,41.894,-.12644,-.12512,-.00825,.00496,-.02646,1.8073,41.92,41.059,42.727,41.92,-.12413,-.12314,-.00759,.00496,-.02646,1.8158,13.27,12.7
213,2013,309,1715,259.79,258.69,-.86011,.58909,-2.9091,258.86,.167,.172,.011,.195,.077,.317,260.1,259,-.824,1.033,-2.871,259.6,259.4,258.3,-.899,.413,-3.062,258.2,41.953,41.073,42.716,41.934,-.12314,-.12082,-.00759,.00331,-.02481,1.8099,41.908,41.091,42.605,41.946,-.12082,-.11653,-.00759,.00496,-.02481,1.8385,41.921,41.091,42.644,41.946,-.1228,-.11983,-.00759,.00827,-.02481,1.8344,13.27,12.83
213,2013,309,1716,259.31,258.19,-.88508,1.0128,-2.874,258.35,.1,.129,.025,.062,.025,.764,259.5,258.4,-.862,1.033,-2.871,259.2,259,258,-.937,.827,-3.062,255.8,42.01,41.103,42.742,41.953,-.12577,-.12247,-.00792,.00827,-.02481,1.783,42.054,41.116,42.761,41.959,-.12643,-.12379,-.00825,.00827,-.02481,1.8243,42.016,41.128,42.781,41.966,-.1261,-.12445,-.00792,.00662,-.02481,1.8059,13.26,12.94
213,2013,309,1717,258.96,257.93,-.8682,.64763,-2.8643,258.64,.16,.157,.025,.07,.034,.431,259.2,258.2,-.824,.827,-2.679,260.1,258.5,257.4,-.899,.62,-2.871,256.7,42.042,41.141,42.8,41.978,-.12577,-.12445,-.00792,.00496,-.02481,1.8071,42.029,41.165,42.774,41.997,-.12544,-.12346,-.00759,.00496,-.02481,1.8324,41.985,41.178,42.735,42.016,-.12511,-.12313,-.00726,.00496,-.02481,1.8317,13.26,13.02
213,2013,309,1718,257.12,256.05,-.73765,1.1058,-2.9759,258.75,1.056,1.12,.067,.384,.142,.857,258.6,257.7,-.637,1.86,-2.679,261.7,255.1,254.1,-.862,.62,-3.253,254.8,41.934,41.184,42.657,42.029,-.12577,-.1228,-.0066,.00662,-.02481,1.8344,41.948,41.179,42.646,42.018,-.13105,-.12775,-.00627,.01158,-.02646,1.8175,41.948,41.173,42.581,42.005,-.13699,-.13204,-.00594,.01488,-.02812,1.7721,13.26,13.07
213,2013,309,1719,254.23,252.96,-.64395,1.8946,-3.4957,249.99,.365,.36,.017,.077,.13,8.98,255.1,253.9,-.6,2.067,-3.253,257.5,253.8,252.5,-.712,1.86,-3.827,228.4,41.954,41.161,42.588,41.999,-.14161,-.13765,-.00528,.01488,-.02977,1.5708,41.986,41.154,42.639,41.999,-.14359,-.13996,-.00561,.01654,-.03142,1.404,41.986,41.148,42.652,41.986,-.14029,-.13765,-.00594,.01488,-.03142,1.6829,13.26,13.11
213,2013,309,1705,242.66,241.06,-.79405,1.3577,-4.2149,238.97,1.311,1.445,.038,.166,.154,9.31,245.8,244.6,-.712,1.447,-4.02,254.7,241.4,239.7,-.862,1.034,-4.403,224.5,42.006,40.909,42.615,41.753,-.19646,-.19382,-.0066,.01158,-.03474,1.2603,42.05,40.903,42.654,41.76,-.20339,-.20141,-.00726,.01158,-.03805,.63732,41.987,40.897,42.641,41.766,-.20009,-.19877,-.00726,.00827,-.03805,.83346,13.32,10.54
213,2013,309,1706,246.16,244.51,-.82716,1.0338,-4.5339,242.51,2.786,2.806,.009,0,.089,10.42,251,249.4,-.825,1.034,-4.403,257.5,242,240.5,-.862,1.034,-4.594,223.2,41.962,40.897,42.628,41.778,-.19084,-.18952,-.00726,.00827,-.03971,.48239,41.974,40.891,42.628,41.778,-.17797,-.17466,-.00726,.00827,-.03971,1.4107,41.879,40.891,42.498,41.778,-.16245,-.15749,-.00726,.00827,-.0397,1.7719,13.32,10.81
213,2013,309,1707,253.59,252.09,-.81839,1.0337,-4.5497,258.24,1.092,1.145,.034,0,.081,.253,254.7,253.4,-.75,1.034,-4.403,258.8,251.1,249.5,-.9,1.034,-4.594,257.6,41.892,40.891,42.556,41.785,-.15386,-.1499,-.00726,.00827,-.0397,1.8072,41.822,40.897,42.511,41.791,-.14725,-.14329,-.00726,.00827,-.0397,1.8071,41.803,40.897,42.505,41.803,-.14527,-.14131,-.0066,.00827,-.03805,1.7917,13.31,11.07
213,2013,309,1708,253,251.64,-.70218,1.3886,-4.4028,257.25,1.45,1.434,.032,.131,0,.768,254.7,253.2,-.675,1.447,-4.403,259.6,249.9,248.5,-.787,1.034,-4.403,255.2,41.728,40.897,42.511,41.797,-.14527,-.14329,-.00594,.01158,-.03805,1.7858,41.779,40.898,42.519,41.798,-.1532,-.1499,-.00627,.01158,-.03805,1.7484,41.748,40.904,42.486,41.798,-.16178,-.15979,-.00594,.01158,-.03805,1.7264,13.3,11.34
213,2013,309,1709,245.89,244.36,-.68654,1.4472,-4.4027,238.54,2.122,2.22,.017,0,0,11.74,249.7,248.5,-.675,1.447,-4.403,256.2,242.9,241.3,-.712,1.447,-4.403,213.2,41.817,40.904,42.564,41.805,-.17432,-.17366,-.00594,.01158,-.03805,1.3113,41.823,40.916,42.59,41.805,-.18489,-.18489,-.00627,.01158,-.03805,.92241,41.83,40.922,42.596,41.811,-.1905,-.19149,-.00627,.01158,-.03805,.06986,13.3,11.61
213,2013,309,1710,244.13,242.4,-.71964,1.4471,-4.4408,229.66,1.348,1.366,.024,0,.077,10.94,247.1,245.5,-.675,1.447,-4.402,248.1,242.8,241,-.75,1.447,-4.594,213.2,41.817,40.928,42.564,41.811,-.18951,-.19017,-.00594,.01158,-.03805,.7313,41.849,40.941,42.551,41.817,-.18422,-.18389,-.0066,.01158,-.03805,.30123,41.842,40.947,42.544,41.811,-.17366,-.173,-.0066,.01158,-.03805,1.2222,13.29,11.87
213,2013,309,1711,250.87,249.37,-.84519,1.4092,-4.3737,250.94,1.844,1.874,.05,.103,.068,6.533,253.5,252,-.75,1.447,-4.211,285.1,247.3,245.6,-.9,1.034,-4.402,234.3,41.899,40.947,42.59,41.811,-.16507,-.16309,-.00726,.01158,-.03805,1.568,41.925,40.953,42.59,41.811,-.15682,-.15451,-.00792,.01158,-.03805,1.206,41.888,40.954,42.565,41.806,-.15022,-.1479,-.00792,.00827,-.03639,1.7563,13.29,12.11
213,2013,309,1712,255.48,254.09,-.94699,.93712,-4.0609,258.62,1.089,1.117,.041,.171,.16,1.105,257.1,255.7,-.9,1.24,-3.828,265.5,253.6,252.1,-1.012,.62,-4.211,257.5,41.932,40.954,42.636,41.812,-.14658,-.1446,-.00792,.00827,-.03639,1.8182,42.015,40.967,42.688,41.818,-.14361,-.14031,-.00858,.00827,-.03474,1.8177,42.027,40.979,42.682,41.818,-.14031,-.13701,-.00891,.00496,-.03308,1.8072,13.28,12.34
213,2013,309,1713,257.82,256.58,-1.0069,.36864,-3.5345,257.61,.465,.504,.02,.177,.142,.856,258.4,257.3,-.974,.62,-3.254,258.9,257,255.6,-1.049,.207,-3.828,255.7,42.021,40.997,42.721,41.837,-.13767,-.13503,-.00924,.00331,-.03143,1.783,42.002,41.004,42.734,41.85,-.13403,-.13238,-.00891,.00165,-.02977,1.7641,41.964,41.022,42.656,41.869,-.13106,-.12776,-.00858,.00165,-.02812,1.8153,13.27,12.53
213,2013,309,1714,259.01,257.84,-.93133,.53399,-3.1739,258.6,.284,.342,.039,.143,.107,.262,259.6,258.5,-.862,.62,-3.062,259.2,258.5,257.3,-.974,.207,-3.445,258,41.964,41.034,42.682,41.882,-.12875,-.12644,-.00825,.00496,-.02812,1.8181,41.945,41.047,42.714,41.894,-.12644,-.12512,-.00825,.00496,-.02646,1.8073,41.92,41.059,42.727,41.92,-.12413,-.12314,-.00759,.00496,-.02646,1.8158,13.27,12.7
213,2013,309,1715,259.79,258.69,-.86011,.58909,-2.9091,258.86,.167,.172,.011,.195,.077,.317,260.1,259,-.824,1.033,-2.871,259.6,259.4,258.3,-.899,.413,-3.062,258.2,41.953,41.073,42.716,41.934,-.12314,-.12082,-.00759,.00331,-.02481,1.8099,41.908,41.091,42.605,41.946,-.12082,-.11653,-.00759,.00496,-.02481,1.8385,41.921,41.091,42.644,41.946,-.1228,-.11983,-.00759,.00827,-.02481,1.8344,13.27,12.83
213,2013,309,1716,259.31,258.19,-.88508,1.0128,-2.874,258.35,.1,.129,.025,.062,.025,.764,259.5,258.4,-.862,1.033,-2.871,259.2,259,258,-.937,.827,-3.062,255.8,42.01,41.103,42.742,41.953,-.12577,-.12247,-.00792,.00827,-.02481,1.783,42.054,41.116,42.761,41.959,-.12643,-.12379,-.00825,.00827,-.02481,1.8243,42.016,41.128,42.781,41.966,-.1261,-.12445,-.00792,.00662,-.02481,1.8059,13.26,12.94
213,2013,309,1717,258.96,257.93,-.8682,.64763,-2.8643,258.64,.16,.157,.025,.07,.034,.431,259.2,258.2,-.824,.827,-2.679,260.1,258.5,257.4,-.899,.62,-2.871,256.7,42.042,41.141,42.8,41.978,-.12577,-.12445,-.00792,.00496,-.02481,1.8071,42.029,41.165,42.774,41.997,-.12544,-.12346,-.00759,.00496,-.02481,1.8324,41.985,41.178,42.735,42.016,-.12511,-.12313,-.00726,.00496,-.02481,1.8317,13.26,13.02
213,2013,309,1718,257.12,256.05,-.73765,1.1058,-2.9759,258.75,1.056,1.12,.067,.384,.142,.857,258.6,257.7,-.637,1.86,-2.679,261.7,255.1,254.1,-.862,.62,-3.253,254.8,41.934,41.184,42.657,42.029,-.12577,-.1228,-.0066,.00662,-.02481,1.8344,41.948,41.179,42.646,42.018,-.13105,-.12775,-.00627,.01158,-.02646,1.8175,41.948,41.173,42.581,42.005,-.13699,-.13204,-.00594,.01488,-.02812,1.7721,13.26,13.07
213,2013,309,1719,254.23,252.96,-.64395,1.8946,-3.4957,249.99,.365,.36,.017,.077,.13,8.98,255.1,253.9,-.6,2.067,-3.253,257.5,253.8,252.5,-.712,1.86,-3.827,228.4,41.954,41.161,42.588,41.999,-.14161,-.13765,-.00528,.01488,-.02977,1.5708,41.986,41.154,42.639,41.999,-.14359,-.13996,-.00561,.01654,-.03142,1.404,41.986,41.148,42.652,41.986,-.14029,-.13765,-.00594,.01488,-.03142,1.6829,13.26,13.11
213,2013,309,1720,256.78,255.61,-.69641,1.8635,-3.821,258.02,1.072,1.12,.02,.026,.034,4.183,258.5,257.4,-.637,2.067,-3.636,272.6,254.9,253.6,-.712,1.86,-3.827,234.3,41.938,41.138,42.59,41.982,-.13369,-.12973,-.00627,.01488,-.03308,1.807,41.887,41.138,42.577,41.982,-.12774,-.12378,-.00627,.01488,-.03308,1.7937,41.83,41.132,42.545,41.982,-.12213,-.1185,-.00627,.01488,-.03308,1.8098,13.26,13.13
213,2013,309,1721,258.82,257.75,-.59272,2.053,-3.7093,258.5,.118,.15,.041,.176,.093,2.003,259,258,-.562,2.273,-3.636,264.7,258.5,257.4,-.712,1.86,-3.827,248,41.761,41.132,42.48,41.982,-.1185,-.1152,-.00561,.01488,-.03308,1.8179,41.755,41.126,42.474,41.976,-.1185,-.11487,-.00495,.01819,-.03142,1.8344,41.777,41.111,42.471,41.966,-.12048,-.11652,-.00495,.01819,-.03142,1.8242,13.25,13.13
213,2013,309,1722,256.2,255.09,-.52963,2.2734,-3.6677,258.4,1.759,1.755,.034,0,.087,.996,258.6,257.6,-.487,2.273,-3.444,265.2,252.8,251.7,-.562,2.273,-3.827,257.4,41.79,41.111,42.522,41.954,-.12576,-.12312,-.00462,.01819,-.03142,1.8078,41.821,41.104,42.548,41.941,-.135,-.13302,-.00429,.01819,-.03142,1.7721,41.947,41.098,42.736,41.935,-.1492,-.14953,-.00495,.01819,-.03308,1.7926,13.26,13.12
213,2013,309,1723,249.5,248.09,-.62268,1.9392,-4.044,245.49,1.569,1.753,.036,.193,.154,9.78,252.7,251.5,-.562,2.273,-3.827,258,247.6,245.7,-.712,1.653,-4.21,229.6,41.985,41.104,42.749,41.935,-.15976,-.16075,-.00528,.01488,-.03473,1.5996,42.046,41.102,42.733,41.932,-.169,-.16933,-.00561,.01488,-.03638,.88021,42.027,41.108,42.694,41.939,-.17131,-.17197,-.00627,.01323,-.03638,.7712,13.26,13.11
213,2013,309,1724,248.49,246.72,-.71573,1.457,-4.398,236.26,.914,.853,.022,.045,.133,6.497,250.3,248.4,-.675,1.653,-4.21,248.6,247.4,245.7,-.787,1.447,-4.593,226.6,42.065,41.114,42.727,41.939,-.17197,-.17197,-.00627,.01158,-.03804,.9691,42.116,41.12,42.72,41.932,-.16867,-.16735,-.00627,.01158,-.03804,.76303,42.104,41.12,42.733,41.932,-.16273,-.1624,-.00693,.01158,-.03969,1.0274,13.26,13.08
213,2013,309,1725,252.27,250.67,-.80941,1.4019,-4.5925,253.04,.935,1.03,.029,.085,0,5.466,253.4,251.9,-.749,1.447,-4.592,258.4,250.3,248.5,-.862,1.24,-4.593,241.5,42.121,41.119,42.744,41.93,-.15745,-.15613,-.00726,.01158,-.03969,1.5427,42.108,41.112,42.731,41.937,-.15282,-.15018,-.00726,.01158,-.03969,1.7506,42.057,41.112,42.699,41.937,-.15084,-.1482,-.00693,.00992,-.03969,1.7704,13.26,13.04
213,2013,309,1726,252.4,250.93,-.81315,1.2055,-4.5414,252.86,.343,.361,.027,.147,.085,4.864,253.1,251.6,-.787,1.447,-4.401,257.7,251.9,250.4,-.862,1.033,-4.592,240.8,42.025,41.112,42.686,41.937,-.15282,-.15051,-.00693,.00992,-.03969,1.7241,42.082,41.112,42.744,41.943,-.15579,-.15348,-.00726,.00827,-.03803,1.103,42.062,41.105,42.697,41.941,-.15282,-.14952,-.00693,.00827,-.03803,1.7479,13.27,12.99
213,2013,309,1727,255.22,253.77,-.75194,1.3777,-4.3532,255.91,1.42,1.463,.03,.123,.09,1.936,257.3,256,-.712,1.447,-4.21,259.4,252.7,251.3,-.787,1.033,-4.592,250.2,42.036,41.105,42.678,41.948,-.14556,-.14226,-.0066,.01158,-.03803,1.7152,41.91,41.099,42.503,41.941,-.13467,-.12972,-.0066,.01158,-.03803,1.702,41.84,41.099,42.523,41.941,-.1284,-.12509,-.00627,.01158,-.03638,1.6237,13.27,12.94
213,2013,309,1728,258.53,257.34,-.6595,1.7738,-4.1044,256.61,.626,.648,.031,.121,.101,1.875,259.6,258.4,-.637,1.86,-3.827,263,257.4,256.1,-.712,1.447,-4.21,252,41.834,41.086,42.542,41.941,-.12509,-.12179,-.00561,.01323,-.03638,1.6443,41.833,41.085,42.541,41.934,-.12245,-.11915,-.00561,.01488,-.03473,1.7907,41.77,41.079,42.476,41.934,-.11816,-.1142,-.00561,.01488,-.03473,1.7827,13.27,12.88
213,2013,309,1729,259.93,258.88,-.62889,1.9564,-3.8142,258.23,.157,.202,.015,.116,.059,3.173,260.1,259.1,-.6,2.273,-3.636,266.9,259.6,258.4,-.637,1.86,-4.018,236.9,41.713,41.073,42.444,41.927,-.11486,-.11123,-.00561,.01488,-.03307,1.6221,41.732,41.067,42.476,41.921,-.11585,-.11255,-.00561,.01654,-.03307,1.8152,41.782,41.067,42.489,41.915,-.11783,-.11354,-.00561,.01488,-.03142,1.8394,13.27,12.82
213,2013,309,1730,259.05,258.1,-.63764,1.8599,-3.7217,258.2,.759,.772,.005,.038,.095,4.536,259.9,259,-.637,2.067,-3.636,260.9,257.5,256.4,-.674,1.653,-3.827,232.8,41.769,41.059,42.533,41.907,-.11849,-.11585,-.00561,.01488,-.03142,1.9092,41.895,41.072,42.63,41.907,-.12542,-.12245,-.00561,.01488,-.03307,1.8396,41.926,41.066,42.649,41.907,-.13169,-.12905,-.00561,.01488,-.03307,1.8176,13.28,12.75
213,2013,309,1731,254.59,253.36,-.63701,1.8599,-4.0151,248.52,1.63,1.689,0,0,.146,12.87,257.4,256.3,-.637,1.86,-3.827,271.6,252.2,251.1,-.637,1.86,-4.21,223,41.933,41.066,42.604,41.901,-.13929,-.13599,-.00561,.01488,-.03473,2.3357,41.888,41.066,42.565,41.895,-.14589,-.14358,-.00561,.01488,-.03473,1.4244,41.919,41.059,42.642,41.888,-.1515,-.15084,-.00561,.01488,-.03638,1.1702,13.28,12.68
213,2013,309,1732,253.85,252.63,-.63389,1.7773,-4.2097,254.96,1.325,1.362,.01,.108,0,4.257,256.4,255.2,-.6,1.86,-4.21,258.4,252.2,251,-.637,1.447,-4.21,242.3,41.907,41.059,42.623,41.888,-.14952,-.1482,-.00561,.01488,-.03638,1.5268,41.875,41.065,42.532,41.894,-.14226,-.13896,-.00561,.01323,-.03638,1.7827,41.85,41.065,42.565,41.888,-.13334,-.13169,-.00561,.01323,-.03638,1.7718,13.28,12.6
213,2013,309,1733,258.47,257.36,-.69696,1.4638,-4.1555,258.61,.942,.954,.03,.057,.086,.348,259.6,258.5,-.637,1.653,-4.018,259.4,256.4,255.3,-.749,1.447,-4.21,257.5,41.869,41.071,42.584,41.894,-.12773,-.12575,-.00627,.01158,-.03638,1.7925,41.868,41.07,42.596,41.893,-.12311,-.12179,-.00627,.01158,-.03638,1.8259,41.868,41.083,42.577,41.906,-.12113,-.11849,-.00627,.01158,-.03473,1.8233,13.28,12.53
213,2013,309,1734,259.44,258.27,-.71445,1.4432,-3.9641,257.86,.196,.191,.013,.026,.086,1.324,259.7,258.6,-.674,1.447,-3.827,259.1,259.1,257.8,-.749,1.24,-4.018,253.4,41.855,41.089,42.512,41.906,-.12047,-.11684,-.00627,.01158,-.03473,1.8071,41.836,41.089,42.519,41.906,-.12047,-.1175,-.00627,.01158,-.03473,1.7907,41.773,41.095,42.467,41.912,-.11948,-.11717,-.00627,.01158,-.03307,1.6082,13.28,12.45
213,2013,309,1735,258.66,257.56,-.69322,1.5672,-3.827,257.15,.173,.153,.023,.102,0,2.75,259,257.9,-.637,1.653,-3.827,259.4,258.3,257.2,-.712,1.447,-3.827,248.8,41.818,41.102,42.532,41.913,-.12179,-.11981,-.00627,.01158,-.03307,1.8148,41.799,41.108,42.5,41.919,-.12179,-.11981,-.00594,.01323,-.03307,1.8136,41.812,41.108,42.545,41.925,-.12311,-.12179,-.00627,.01323,-.03307,1.8096,13.28,12.37
213,2013,309,1736,256.31,255.15,-.67011,1.7979,-3.8653,258.27,1.556,1.618,.033,.095,.077,.564,258.4,257.2,-.637,1.86,-3.827,259.4,252.9,251.6,-.712,1.653,-4.018,256.9,41.831,41.108,42.564,41.919,-.12707,-.12608,-.00561,.01488,-.03307,1.8252,41.951,41.114,42.642,41.919,-.13698,-.13566,-.00561,.01488,-.03307,1.8149,41.97,41.114,42.623,41.913,-.14853,-.14688,-.00627,.01488,-.03473,1.7825,13.28,12.29
213,2013,309,1737,246.19,244.58,-.72632,1.7428,-4.1587,241.3,3.86,4.069,.03,.102,.085,15.31,252.7,251.4,-.637,1.86,-4.018,257.9,240.2,238.3,-.787,1.653,-4.21,214.5,41.951,41.12,42.61,41.913,-.16404,-.16404,-.00627,.01488,-.03638,1.4513,41.951,41.127,42.552,41.907,-.18253,-.18253,-.0066,.01323,-.03638,1.2538,42.015,41.12,42.597,41.901,-.1987,-.19969,-.00693,.01488,-.03638,.05063,13.28,12.21
213,2013,309,1738,239.66,237.87,-.84498,1.5224,-4.2799,235.29,.697,.805,.054,.113,.092,19.18,241.1,239.5,-.749,1.86,-4.21,262.4,238.8,236.8,-.937,1.447,-4.401,213.2,42.046,41.12,42.636,41.894,-.20497,-.20629,-.00693,.01323,-.03638,.1185,42.124,41.116,42.748,41.896,-.20431,-.20563,-.00792,.01158,-.03803,1.7071,42.111,41.116,42.728,41.902,-.19837,-.19903,-.00825,.01158,-.03803,1.7112,13.29,12.12
213,2013,309,1739,240.99,239.31,-.94866,1.1022,-4.4234,247.51,.615,.684,.025,.123,.061,8.49,241.7,240.1,-.899,1.447,-4.401,268.7,239.6,237.7,-1.012,1.033,-4.592,213.2,42.048,41.116,42.65,41.908,-.19474,-.19507,-.00825,.00827,-.03803,1.5539,42.099,41.116,42.735,41.908,-.19903,-.20035,-.00825,.00827,-.03803,.946,42.149,41.116,42.806,41.915,-.20563,-.20827,-.00891,.00827,-.03803,.62753,13.29,12.04
213,2013,309,1740,236.51,234.61,-.97989,1.0333,-4.5893,232.83,1.809,1.921,.036,0,.024,9.25,239.4,237.6,-.899,1.033,-4.401,253.2,233.6,231.5,-1.012,1.033,-4.592,214.4,42.182,41.117,42.827,41.922,-.21355,-.21553,-.00891,.00827,-.03969,.83146,42.176,41.123,42.781,41.928,-.22214,-.22346,-.00825,.00827,-.03969,.98591,42.176,41.117,42.807,41.935,-.2294,-.23204,-.00825,.00827,-.03969,.52512,13.29,11.96
213,2013,309,1741,233.6,231.52,-.98489,1.0333,-4.7009,220.45,.606,.638,.022,0,.095,5.308,234.9,232.9,-.937,1.033,-4.592,232.3,232.9,230.7,-1.012,1.033,-4.784,214,42.227,41.123,42.873,41.947,-.23336,-.23633,-.00891,.00827,-.03969,.22529,42.182,41.129,42.82,41.96,-.22874,-.23171,-.00858,.00827,-.04134,.63471,42.164,41.142,42.815,41.974,-.2228,-.22511,-.00858,.00827,-.04134,.23378,13.29,11.88
213,2013,309,1742,237.7,235.87,-.95803,1.0333,-4.6371,218.23,1.72,1.852,.024,0,.081,3.34,240.8,239.4,-.937,1.033,-4.592,227.8,235,233.1,-1.012,1.033,-4.784,214.3,42.126,41.148,42.782,41.98,-.21454,-.21686,-.00858,.00827,-.03969,.04478,42.113,41.155,42.789,41.986,-.20695,-.2086,-.00825,.00827,-.03969,.58218,42.101,41.161,42.795,41.993,-.19771,-.19804,-.00825,.00827,-.03969,.15874,13.29,11.79
213,2013,309,1743,244.88,243.44,-.94679,1.3399,-4.5925,248.78,2.012,2.065,.03,.162,0,8.37,248.1,246.6,-.899,1.447,-4.592,257.3,241.1,239.5,-1.012,1.033,-4.593,217.9,42.183,41.155,42.854,41.999,-.18847,-.18781,-.00792,.01158,-.03969,1.4439,42.222,41.168,42.868,42,-.18055,-.17857,-.00891,.01158,-.03969,1.5707,42.178,41.161,42.77,42.006,-.17197,-.16801,-.00792,.01158,-.03969,1.3532,13.29,11.71
213,2013,309,1744,250.98,249.58,-.83688,1.4432,-4.5926,253.07,1.675,1.723,.036,.026,0,6.456,253.6,252.3,-.787,1.447,-4.593,258.6,248.2,246.7,-.899,1.24,-4.593,238.7,42.101,41.161,42.692,42.006,-.16272,-.15777,-.00726,.01158,-.03969,1.5758,42.114,41.149,42.777,42.012,-.15546,-.15183,-.00726,.01158,-.03969,1.7824,42.082,41.149,42.757,42.019,-.1482,-.14424,-.00693,.01158,-.03969,1.8057,13.3,11.63
213,2013,309,1745,254.99,253.65,-.83563,1.4467,-4.3439,258.07,.625,.669,.022,0,.117,.94,256,254.8,-.787,1.447,-4.21,259.1,253.8,252.3,-.862,1.447,-4.593,254.5,42.065,41.151,42.739,42.02,-.14358,-.13962,-.00759,.01158,-.03804,1.7583,42.014,41.151,42.713,42.027,-.13929,-.13566,-.00759,.01158,-.03638,1.8176,42.008,41.157,42.746,42.039,-.13632,-.13302,-.00726,.01158,-.03638,1.823,13.3,11.55
213,2013,309,1746,256.71,255.58,-.78067,1.4467,-4.1366,257.69,.424,.48,.025,0,.093,1.715,257.4,256.3,-.749,1.447,-4.019,259.6,256,254.7,-.824,1.447,-4.21,252.2,41.944,41.157,42.726,42.046,-.13269,-.13038,-.00693,.01158,-.03638,1.8382,41.906,41.169,42.739,42.065,-.12873,-.12708,-.00693,.01158,-.03638,1.742,41.934,41.172,42.709,42.074,-.12774,-.1251,-.0066,.01158,-.03473,1.5676,13.3,11.46
213,2013,309,1747,257.78,256.63,-.68512,1.7395,-3.9357,254.95,.256,.243,.026,.182,.095,2.137,258.4,257.2,-.637,2.067,-3.827,259.4,257.3,256.2,-.749,1.447,-4.019,245.3,41.921,41.184,42.696,42.08,-.12576,-.12246,-.00627,.01323,-.03473,1.6691,41.915,41.19,42.696,42.08,-.1251,-.12246,-.00561,.01488,-.03308,1.7478,41.928,41.184,42.709,42.08,-.12345,-.12081,-.00594,.01654,-.03308,1.7478,13.3,11.38
213,2013,309,1748,259.49,258.34,-.67451,2.2148,-3.8528,258.47,.522,.535,.018,.114,.065,3.406,260.1,258.9,-.637,2.273,-3.827,272.8,258.4,257.3,-.712,1.86,-4.019,239.2,41.959,41.19,42.677,42.074,-.12048,-.11586,-.00594,.01819,-.03308,1.8158,41.949,41.198,42.698,42.063,-.11784,-.11421,-.00594,.01819,-.03308,1.8392,41.86,41.198,42.64,42.069,-.11487,-.11223,-.00594,.01819,-.03308,1.8341,13.3,11.3
213,2013,309,1749,259.85,258.83,-.65828,1.898,-3.7826,258.32,.059,.07,.02,.088,.088,3.897,260,259,-.6,2.273,-3.636,266.5,259.7,258.7,-.675,1.86,-4.019,234.5,41.866,41.198,42.679,42.076,-.11553,-.11322,-.00594,.01488,-.03308,1.8135,41.791,41.204,42.646,42.082,-.11256,-.1119,-.00561,.01488,-.03308,1.8381,41.747,41.211,42.614,42.095,-.11124,-.11058,-.00561,.01488,-.03142,1.8432,13.3,11.22
213,2013,309,1750,259.11,258.05,-.60082,1.8704,-3.5977,257.9,.512,.574,.01,.045,.077,1.29,259.8,258.8,-.562,2.067,-3.445,259.8,258.1,256.9,-.637,1.86,-3.636,255,41.818,41.212,42.648,42.103,-.11454,-.11289,-.00528,.01488,-.03142,1.8367,41.868,41.218,42.648,42.096,-.11817,-.11553,-.00528,.01488,-.03142,1.7715,41.862,41.224,42.642,42.096,-.12081,-.11883,-.00528,.01654,-.03142,1.7855,13.3,11.14
213,2013,309,1751,257.96,256.8,-.65142,2.1357,-3.6359,255.28,.313,.288,.056,.176,0,3.069,258.7,257.5,-.6,2.273,-3.636,258.4,257.5,256.5,-.749,1.86,-3.636,246.6,41.925,41.224,42.713,42.096,-.12444,-.12279,-.00528,.01819,-.03142,1.6776,41.982,41.231,42.765,42.09,-.12477,-.12378,-.00594,.01654,-.03142,1.6896,42.047,41.238,42.76,42.085,-.12378,-.12081,-.0066,.01488,-.03142,1.8012,13.31,11.06
213,2013,309,1752,259.73,258.5,-.79508,1.8601,-3.636,258.96,.499,.514,.033,0,0,.249,260.5,259.3,-.749,1.86,-3.636,259.4,258.7,257.5,-.824,1.86,-3.636,258.1,42.034,41.238,42.74,42.078,-.12015,-.11718,-.00726,.01488,-.03142,1.8274,42.027,41.238,42.734,42.078,-.11817,-.1152,-.00726,.01488,-.03142,1.8473,41.996,41.238,42.708,42.078,-.11553,-.11223,-.0066,.01488,-.03142,1.8318,13.31,10.99
213,2013,309,1753,260.61,259.35,-.67704,1.9876,-3.636,258.95,.137,.128,.041,.189,0,.241,260.9,259.5,-.6,2.273,-3.636,259.4,260.3,259,-.749,1.86,-3.636,258.5,41.951,41.232,42.643,42.072,-.11322,-.10959,-.00594,.01488,-.03142,1.8259,41.87,41.227,42.515,42.067,-.11091,-.10629,-.00594,.01488,-.03142,1.834,41.94,41.208,42.592,42.048,-.11553,-.11091,-.00528,.01819,-.03142,1.8327,13.31,10.91
213,2013,309,1754,259.86,258.51,-.74013,2.1391,-3.5435,258.41,.338,.359,.068,.213,.096,.898,260.4,259.1,-.637,2.273,-3.445,259.3,259.3,257.8,-.899,1.447,-3.636,255.3,41.984,41.202,42.624,42.035,-.11817,-.11355,-.00594,.01819,-.03142,1.8313,42.054,41.189,42.761,42.028,-.12246,-.11982,-.0066,.01819,-.02977,1.8176,42.181,41.196,42.858,42.028,-.12742,-.12511,-.00792,.01158,-.02977,1.7661,13.31,10.83
213,2013,309,1755,257.95,256.52,-.82133,1.2401,-3.3905,258.62,.777,.75,.05,.189,.086,.728,259.4,257.9,-.75,1.447,-3.253,260.5,256.6,255.3,-.899,1.033,-3.445,256.4,42.1,41.204,42.756,42.03,-.12808,-.12478,-.00726,.01158,-.02977,1.8011,41.954,41.197,42.659,42.037,-.12676,-.12511,-.00693,.00827,-.02977,1.8342,41.891,41.191,42.626,42.037,-.12874,-.12742,-.0066,.01158,-.02812,1.8338,13.31,10.76
213,2013,309,1756,254.59,253.22,-.77449,1.4468,-3.2374,257.96,1.202,1.218,.037,0,.053,1.034,256.6,255.2,-.712,1.447,-3.062,260.3,252.5,251.1,-.824,1.447,-3.253,255.7,41.954,41.191,42.691,42.037,-.136,-.13468,-.00627,.01158,-.02812,1.8097,42.049,41.191,42.763,42.037,-.14392,-.1426,-.00693,.01158,-.02812,1.7258,42.141,41.188,42.837,42.033,-.1525,-.15118,-.00726,.01158,-.02812,1.7932,13.31,10.68
213,2013,309,1757,250.04,248.54,-.90128,1.2332,-3.2534,252.73,1.411,1.403,.023,.203,0,5.938,252.4,250.9,-.824,1.447,-3.253,266.9,247.6,246.2,-.974,1.033,-3.253,235.1,42.167,41.194,42.863,42.033,-.15944,-.15845,-.00792,.01158,-.02812,1.6183,42.103,41.194,42.804,42.039,-.16406,-.1634,-.00792,.00827,-.02812,1.6184,42.116,41.194,42.817,42.039,-.17033,-.16967,-.00792,.00827,-.02812,1.6103,13.32,10.61
213,2013,309,1758,246.43,244.86,-.88317,1.1023,-3.4129,247.9,.496,.555,.023,.134,.106,6.833,247.6,246.1,-.824,1.447,-3.253,280.3,245.9,244.2,-.899,1.033,-3.636,233.2,42.122,41.188,42.83,42.046,-.17462,-.17396,-.00759,.00827,-.02977,1.3136,42.149,41.19,42.858,42.054,-.17759,-.17726,-.00792,.00827,-.02977,1.2378,42.156,41.183,42.845,42.06,-.17826,-.1776,-.00792,.01158,-.03142,1.5324,13.32,10.54
213,2013,309,1759,247.64,245.88,-.88381,1.371,-3.7,244.1,1.355,1.317,.028,.119,.09,7.49,250.5,248.7,-.824,1.447,-3.636,252.2,245.9,244.3,-.899,1.033,-3.828,223,42.13,41.183,42.845,42.06,-.17495,-.17495,-.00792,.01158,-.03142,1.4371,42.105,41.183,42.826,42.073,-.16835,-.16835,-.00792,.01158,-.03142,1.2115,42.06,41.183,42.774,42.073,-.15812,-.1568,-.00726,.01158,-.03308,1.4667,13.32,10.47
